45359468300032824270978709858349903399388674638002224752956473999955928508708731955244169032402798176455630886836999538174883255495885661273954304396900053677074492934505491373771310214417079713653791282951049275534892509581135083380958985966841759884367923752146823656816035058263680237075084804991244430429195344662404859096163251684334625817697989629530840763521348931132137609379697891905316873168990859729448284426078322874051443615841448824280598939366919689248568711324633872174165818540264302116011588560961878830476330617,0,0,0,0,0,0,0,0,0,0,0,0,0,0,0,0,0,0,0,0,0,0,0,0,0,0,0,0,0,0,0,0,0,0,0,0,0,0,0,0,0,0,0,0,0,0,0,0,0,0,0,0,0,0,0,0,0,0,0,0,0,0,0,0,0,0,0,0,0,0,0,0,0,0,0,0,0,0,0,0,0,0,0,0,0,0,0,0,0,0,0,0,0,0,0,0,0,0,0,0,0,0,0,0,0,0,0,0,0,0,0,0,0,0,0,0,0,0,0,0,0,0,0,0,0,0,0,0,0,0,0,0,0,0,0,0,0,0,0,0,0,0,0,0,0,0,0,0,0,0,0,0,0,0,0,0,0,0,0,0,0,0,0,0,0,0,0,0,0,0,0,0,0,0,0
34855637221115664910896249995418315853324718615132288216406010731512167884657158833395826977932867046729091949091818856946803318015587759803245945756844781828176392608377129506799778164866257066484513961542595085621303278801235222015108420453925653076881562274167188401430184077336227930484380823923108381411475473159132282922531001511243365389231230199061136768964740981001930328527499248576864980784242946304371559038314392599773690803013226490360304074725176606524869856721349022505303067090815113368688615716436563920415985571,1,0,0,0,0,0,0,0,0,0,0,0,0,0,0,0,0,0,0,0,0,0,0,0,0,0,0,0,0,0,0,0,0,0,0,0,0,0,0,0,0,0,0,0,0,0,0,0,0,0,0,0,0,0,0,0,0,0,0,0,0,0,0,0,0,0,0,0,0,0,0,0,0,0,0,0,0,0,0,0,0,0,0,0,0,0,0,0,0,0,0,0,0,0,0,0,0,0,0,0,0,0,0,0,0,0,0,0,0,0,0,0,0,0,0,0,0,0,0,0,0,0,0,0,0,0,0,0,0,0,0,0,0,0,0,0,0,0,0,0,0,0,0,0,0,0,0,0,0,0,0,0,0,0,0,0,0,0,0,0,0,0,0,0,0,0,0,0,0,0,0,0,0,0,0
17035357883512923416083616878020031185394441891382752392444222349758888561831474047650408205156458095754529856238584336149351351509603493257552640023024237149193268583042979603596942411944672104125861098137728406343582071851787236442705992863597181202024659894170188304525889855916779545989062859882025023993668270216124133604984275251922235614787191613814269407194251322966125276871778684070388726205754231864286202886491055514217195288340028146458685974718800481923914125757028825445155732680547634464337217351051581276876830739,0,1,0,0,0,0,0,0,0,0,0,0,0,0,0,0,0,0,0,0,0,0,0,0,0,0,0,0,0,0,0,0,0,0,0,0,0,0,0,0,0,0,0,0,0,0,0,0,0,0,0,0,0,0,0,0,0,0,0,0,0,0,0,0,0,0,0,0,0,0,0,0,0,0,0,0,0,0,0,0,0,0,0,0,0,0,0,0,0,0,0,0,0,0,0,0,0,0,0,0,0,0,0,0,0,0,0,0,0,0,0,0,0,0,0,0,0,0,0,0,0,0,0,0,0,0,0,0,0,0,0,0,0,0,0,0,0,0,0,0,0,0,0,0,0,0,0,0,0,0,0,0,0,0,0,0,0,0,0,0,0,0,0,0,0,0,0,0,0,0,0,0,0,0,0
6790718368805158928586406186262118279506138923799158410190991615673756682790397937834298029564004474990606742094564881496356133750610600083934191541802893655325752194513955025756391981994538667525913216674238908275780294006154144930373277342042632985049269365873124353067161435700117717543146899133646747010418117214240285037181059188674454290439383016833782651719250775864008460252877476839640684367608355448068992316202106200557351228294006631435533137840474282431007872104971655336850750913922402584905125839116235930363168058,0,0,1,0,0,0,0,0,0,0,0,0,0,0,0,0,0,0,0,0,0,0,0,0,0,0,0,0,0,0,0,0,0,0,0,0,0,0,0,0,0,0,0,0,0,0,0,0,0,0,0,0,0,0,0,0,0,0,0,0,0,0,0,0,0,0,0,0,0,0,0,0,0,0,0,0,0,0,0,0,0,0,0,0,0,0,0,0,0,0,0,0,0,0,0,0,0,0,0,0,0,0,0,0,0,0,0,0,0,0,0,0,0,0,0,0,0,0,0,0,0,0,0,0,0,0,0,0,0,0,0,0,0,0,0,0,0,0,0,0,0,0,0,0,0,0,0,0,0,0,0,0,0,0,0,0,0,0,0,0,0,0,0,0,0,0,0,0,0,0,0,0,0,0,0
23665228480140647282125833681523855497837953542717195346310589667774159340922098727579941172605683263853841604479428114803234857596195996631366049288940355771625602913817404749889053143907570289619857458079460695844763541971295699934477126896484216179082443884038018463123275985156658518828122556351329489192064609790468505453244474179025320514534896990800269950456637640817462726998108925170046467118943597309781606289797179422833170860758610980373175906116673550955239214586836657170184823776140214744081466631902805360972331831,0,0,0,1,0,0,0,0,0,0,0,0,0,0,0,0,0,0,0,0,0,0,0,0,0,0,0,0,0,0,0,0,0,0,0,0,0,0,0,0,0,0,0,0,0,0,0,0,0,0,0,0,0,0,0,0,0,0,0,0,0,0,0,0,0,0,0,0,0,0,0,0,0,0,0,0,0,0,0,0,0,0,0,0,0,0,0,0,0,0,0,0,0,0,0,0,0,0,0,0,0,0,0,0,0,0,0,0,0,0,0,0,0,0,0,0,0,0,0,0,0,0,0,0,0,0,0,0,0,0,0,0,0,0,0,0,0,0,0,0,0,0,0,0,0,0,0,0,0,0,0,0,0,0,0,0,0,0,0,0,0,0,0,0,0,0,0,0,0,0,0,0,0,0,0
6079935777826779238655897559021986844979495670328321337335669925115258263142908655100383815978846712439828210073085685056815115709767033012784705645055739801148019495871882952721453237617237593700798508398436421569005060392880129072918972596709394685273530758807969754293697034229904673729023776681789528171986767264145577615478044046371536574546335583072806001249606399727157206473406583958244545792582329444896120608984925208796379857335952856442319907649929720555535662746497227072317860080257882402526470512851547597568864685,0,0,0,0,1,0,0,0,0,0,0,0,0,0,0,0,0,0,0,0,0,0,0,0,0,0,0,0,0,0,0,0,0,0,0,0,0,0,0,0,0,0,0,0,0,0,0,0,0,0,0,0,0,0,0,0,0,0,0,0,0,0,0,0,0,0,0,0,0,0,0,0,0,0,0,0,0,0,0,0,0,0,0,0,0,0,0,0,0,0,0,0,0,0,0,0,0,0,0,0,0,0,0,0,0,0,0,0,0,0,0,0,0,0,0,0,0,0,0,0,0,0,0,0,0,0,0,0,0,0,0,0,0,0,0,0,0,0,0,0,0,0,0,0,0,0,0,0,0,0,0,0,0,0,0,0,0,0,0,0,0,0,0,0,0,0,0,0,0,0,0,0,0,0,0
14303575090703421950521509890963152330873219879460109632491708213694746980641212657282844613361485948006741702793133282667822484262357943613207954508091223858997306935225141727980381492026455795539658830533577739714668175544577830112422479371176751918717522535707047885565964172190525175040743239013330253381467262653663191706878985856143865519970932749618004316899531826353789270606501959901901328345479989367418045873220688594890489364291801725203657925230457740428473866022163850745074054047910120091233878349849767814907435331,0,0,0,0,0,1,0,0,0,0,0,0,0,0,0,0,0,0,0,0,0,0,0,0,0,0,0,0,0,0,0,0,0,0,0,0,0,0,0,0,0,0,0,0,0,0,0,0,0,0,0,0,0,0,0,0,0,0,0,0,0,0,0,0,0,0,0,0,0,0,0,0,0,0,0,0,0,0,0,0,0,0,0,0,0,0,0,0,0,0,0,0,0,0,0,0,0,0,0,0,0,0,0,0,0,0,0,0,0,0,0,0,0,0,0,0,0,0,0,0,0,0,0,0,0,0,0,0,0,0,0,0,0,0,0,0,0,0,0,0,0,0,0,0,0,0,0,0,0,0,0,0,0,0,0,0,0,0,0,0,0,0,0,0,0,0,0,0,0,0,0,0,0,0,0
20802396688920138408113918188938605501697508675364429314314837560312978248067059767773654199587719492828150913375774090096365333006260820327786732942698645640610546239897658430111685691329075769661800706549459960915922546961294004403465360581635481271565467631837071715801057856622665203090738623264293641970689990692802177759185798150786981732858795473859483176199017607169872493682038991522809254679629551309123777458500808898510102864222125628162984555786167779071910825891922741341200277196385311677572376233307691931534546134,0,0,0,0,0,0,1,0,0,0,0,0,0,0,0,0,0,0,0,0,0,0,0,0,0,0,0,0,0,0,0,0,0,0,0,0,0,0,0,0,0,0,0,0,0,0,0,0,0,0,0,0,0,0,0,0,0,0,0,0,0,0,0,0,0,0,0,0,0,0,0,0,0,0,0,0,0,0,0,0,0,0,0,0,0,0,0,0,0,0,0,0,0,0,0,0,0,0,0,0,0,0,0,0,0,0,0,0,0,0,0,0,0,0,0,0,0,0,0,0,0,0,0,0,0,0,0,0,0,0,0,0,0,0,0,0,0,0,0,0,0,0,0,0,0,0,0,0,0,0,0,0,0,0,0,0,0,0,0,0,0,0,0,0,0,0,0,0,0,0,0,0,0,0,0
17308045310342037158929510361649382792206292066354880726242090353475977958495036248524882628404220329317840436487410576975900973818307294995552730996832836005020720974664200780047606592062799100663558347384469607014048200837090870403240387598544215622134899768558268135472392070869692107554056293279227065516296665617988101450637349040486206846454542623467611953420223518217875603948420793714761565885419422304124796817101188726418632948015718917401989956525120718123831313043698254479998233615381660714590352632776463332688846695,0,0,0,0,0,0,0,1,0,0,0,0,0,0,0,0,0,0,0,0,0,0,0,0,0,0,0,0,0,0,0,0,0,0,0,0,0,0,0,0,0,0,0,0,0,0,0,0,0,0,0,0,0,0,0,0,0,0,0,0,0,0,0,0,0,0,0,0,0,0,0,0,0,0,0,0,0,0,0,0,0,0,0,0,0,0,0,0,0,0,0,0,0,0,0,0,0,0,0,0,0,0,0,0,0,0,0,0,0,0,0,0,0,0,0,0,0,0,0,0,0,0,0,0,0,0,0,0,0,0,0,0,0,0,0,0,0,0,0,0,0,0,0,0,0,0,0,0,0,0,0,0,0,0,0,0,0,0,0,0,0,0,0,0,0,0,0,0,0,0,0,0,0,0,0
17222409859612655852323449445998227663448553112141668070273773515661592746035258157786415187681040059903933119289149064258014640599493074878079223901326068059829976826030053844515206220053289777881747301749931611474445078131253556719522346130165185570384966852020118689662409971438583908912300065581672718410436902034122431398809096709687555494341074481692448513687323202890654928428888194617614253112869960173262195111856506350400632512195696132234794152838606485858185386815815676748928758121052709098739951436838041056422144408,0,0,0,0,0,0,0,0,1,0,0,0,0,0,0,0,0,0,0,0,0,0,0,0,0,0,0,0,0,0,0,0,0,0,0,0,0,0,0,0,0,0,0,0,0,0,0,0,0,0,0,0,0,0,0,0,0,0,0,0,0,0,0,0,0,0,0,0,0,0,0,0,0,0,0,0,0,0,0,0,0,0,0,0,0,0,0,0,0,0,0,0,0,0,0,0,0,0,0,0,0,0,0,0,0,0,0,0,0,0,0,0,0,0,0,0,0,0,0,0,0,0,0,0,0,0,0,0,0,0,0,0,0,0,0,0,0,0,0,0,0,0,0,0,0,0,0,0,0,0,0,0,0,0,0,0,0,0,0,0,0,0,0,0,0,0,0,0,0,0,0,0,0,0,0
24536417262816336322306088481087795674827473719651391726344065111609622151632751904264243121824406661862398226858573137187417446502463266842541381247571672225832458216445879558913592532874020446627818187466451931549474792615476288079773697711095779160877285848521934417074236042349677629865040148942526261676234033565664883358831484006402896744698168368041831305189386780722826141607256620421347393653077448761025642829988461480964934691056559713768142354728132653969522478498809261271988984012748285636737819759684935053071981053,0,0,0,0,0,0,0,0,0,1,0,0,0,0,0,0,0,0,0,0,0,0,0,0,0,0,0,0,0,0,0,0,0,0,0,0,0,0,0,0,0,0,0,0,0,0,0,0,0,0,0,0,0,0,0,0,0,0,0,0,0,0,0,0,0,0,0,0,0,0,0,0,0,0,0,0,0,0,0,0,0,0,0,0,0,0,0,0,0,0,0,0,0,0,0,0,0,0,0,0,0,0,0,0,0,0,0,0,0,0,0,0,0,0,0,0,0,0,0,0,0,0,0,0,0,0,0,0,0,0,0,0,0,0,0,0,0,0,0,0,0,0,0,0,0,0,0,0,0,0,0,0,0,0,0,0,0,0,0,0,0,0,0,0,0,0,0,0,0,0,0,0,0,0,0
29358112813649154281977924014165324625855553704551923472447336575995264200331639498513814030996050773211833435273511212399014223647189209636322600136996008534635121103272344730144585785262670141843487165637519719321154675875399948690754260771298585515567443782718102575019055280962548938545911760543817704490626140265870511883598357339664902949909250959114271745353328415387416284886217561344627026831552175294654258254049215913545107250037531724034245614658256421478200848636223964784598932280353235567432036717370918923758283671,0,0,0,0,0,0,0,0,0,0,1,0,0,0,0,0,0,0,0,0,0,0,0,0,0,0,0,0,0,0,0,0,0,0,0,0,0,0,0,0,0,0,0,0,0,0,0,0,0,0,0,0,0,0,0,0,0,0,0,0,0,0,0,0,0,0,0,0,0,0,0,0,0,0,0,0,0,0,0,0,0,0,0,0,0,0,0,0,0,0,0,0,0,0,0,0,0,0,0,0,0,0,0,0,0,0,0,0,0,0,0,0,0,0,0,0,0,0,0,0,0,0,0,0,0,0,0,0,0,0,0,0,0,0,0,0,0,0,0,0,0,0,0,0,0,0,0,0,0,0,0,0,0,0,0,0,0,0,0,0,0,0,0,0,0,0,0,0,0,0,0,0,0,0,0
42143869090019913975242228402498715160021835408342680781690211013376523537414653495194444782539878697871011592493252880814263435261651134468027945012881106938377549793106831059736346941764760641979625703563586725204164638547077957874219760678676362585828389000856960872428774135836878822556178515038519542854755164150484808808956930298333132505697784421271536482282987247227192941570061636157622019654241045118917040726279716123612951098572225792110847826205930288804834764255810549316332075748339680582020127920080328244199125329,0,0,0,0,0,0,0,0,0,0,0,1,0,0,0,0,0,0,0,0,0,0,0,0,0,0,0,0,0,0,0,0,0,0,0,0,0,0,0,0,0,0,0,0,0,0,0,0,0,0,0,0,0,0,0,0,0,0,0,0,0,0,0,0,0,0,0,0,0,0,0,0,0,0,0,0,0,0,0,0,0,0,0,0,0,0,0,0,0,0,0,0,0,0,0,0,0,0,0,0,0,0,0,0,0,0,0,0,0,0,0,0,0,0,0,0,0,0,0,0,0,0,0,0,0,0,0,0,0,0,0,0,0,0,0,0,0,0,0,0,0,0,0,0,0,0,0,0,0,0,0,0,0,0,0,0,0,0,0,0,0,0,0,0,0,0,0,0,0,0,0,0,0,0,0
33275535356932998886198730549486908084604482812118142334925578779602048405704206476759214661099423863626081080698005947397141299722981997115291916084335532961702244545147353067806563654497706253050266673205481409714998487267427187329764405686987172523771443184472021823978600247649778340104687178302358041474222055605732272250390516245051937635727005152378051669659242243149805304548282329925871158279932208545361872908661015290407976172092454215758048482666250118879089001543254387989697901470519436412944213115363665363464046650,0,0,0,0,0,0,0,0,0,0,0,0,1,0,0,0,0,0,0,0,0,0,0,0,0,0,0,0,0,0,0,0,0,0,0,0,0,0,0,0,0,0,0,0,0,0,0,0,0,0,0,0,0,0,0,0,0,0,0,0,0,0,0,0,0,0,0,0,0,0,0,0,0,0,0,0,0,0,0,0,0,0,0,0,0,0,0,0,0,0,0,0,0,0,0,0,0,0,0,0,0,0,0,0,0,0,0,0,0,0,0,0,0,0,0,0,0,0,0,0,0,0,0,0,0,0,0,0,0,0,0,0,0,0,0,0,0,0,0,0,0,0,0,0,0,0,0,0,0,0,0,0,0,0,0,0,0,0,0,0,0,0,0,0,0,0,0,0,0,0,0,0,0,0,0
22236434246872647816734887156167807437059811243169526192199529066086536593498771503505171810393840637012883344977151088961924383713811721212784349422434835534692270271132774202997542729146108470815826881720392374276103100438602023398169799133028968321724811659341241813914537505128723976431191955665035562034892502511186859485528848443441520716744676103304515446894784706493560493744248635666682236979737109969800527649104156030236511892263265031887640576061974282800122232227107779227118430157873569871739560872568591062899293775,0,0,0,0,0,0,0,0,0,0,0,0,0,1,0,0,0,0,0,0,0,0,0,0,0,0,0,0,0,0,0,0,0,0,0,0,0,0,0,0,0,0,0,0,0,0,0,0,0,0,0,0,0,0,0,0,0,0,0,0,0,0,0,0,0,0,0,0,0,0,0,0,0,0,0,0,0,0,0,0,0,0,0,0,0,0,0,0,0,0,0,0,0,0,0,0,0,0,0,0,0,0,0,0,0,0,0,0,0,0,0,0,0,0,0,0,0,0,0,0,0,0,0,0,0,0,0,0,0,0,0,0,0,0,0,0,0,0,0,0,0,0,0,0,0,0,0,0,0,0,0,0,0,0,0,0,0,0,0,0,0,0,0,0,0,0,0,0,0,0,0,0,0,0,0
11398038436715575912702744174075023716296980464565025960236405490333242488100701989062481605914871647701039698043481391789964115527057730368343873654181693359915861645659322538524735392240997467843587570977524094373446447743710224851309640735392909855434935970996904765759317448332743320592752931917771582488877715495703689224818304307282916579397123157501898641266163108013257929279200677534129132731711823462483391351606671269143860593714271399525642902525095180999918700056401879586056529927283577403800987427473848414089972948,0,0,0,0,0,0,0,0,0,0,0,0,0,0,1,0,0,0,0,0,0,0,0,0,0,0,0,0,0,0,0,0,0,0,0,0,0,0,0,0,0,0,0,0,0,0,0,0,0,0,0,0,0,0,0,0,0,0,0,0,0,0,0,0,0,0,0,0,0,0,0,0,0,0,0,0,0,0,0,0,0,0,0,0,0,0,0,0,0,0,0,0,0,0,0,0,0,0,0,0,0,0,0,0,0,0,0,0,0,0,0,0,0,0,0,0,0,0,0,0,0,0,0,0,0,0,0,0,0,0,0,0,0,0,0,0,0,0,0,0,0,0,0,0,0,0,0,0,0,0,0,0,0,0,0,0,0,0,0,0,0,0,0,0,0,0,0,0,0,0,0,0,0,0,0
5463340898449910955767555114708607158398257342631662547674110677059326437947188073610570361747430582311275627546720056454410237063218614957165947611093145762294852582258284916733339571034260067333553415959293567748863960488344615523327668339341470988770064475802658765043093478537036896723801372728911090722534655369256675557332247444763383368615022943854245857834820652362482202584706375636174640396576696798737522823067696603706410620551430226886683983185336105637662382625044363332287629856995082609981983638314145915465983945,0,0,0,0,0,0,0,0,0,0,0,0,0,0,0,1,0,0,0,0,0,0,0,0,0,0,0,0,0,0,0,0,0,0,0,0,0,0,0,0,0,0,0,0,0,0,0,0,0,0,0,0,0,0,0,0,0,0,0,0,0,0,0,0,0,0,0,0,0,0,0,0,0,0,0,0,0,0,0,0,0,0,0,0,0,0,0,0,0,0,0,0,0,0,0,0,0,0,0,0,0,0,0,0,0,0,0,0,0,0,0,0,0,0,0,0,0,0,0,0,0,0,0,0,0,0,0,0,0,0,0,0,0,0,0,0,0,0,0,0,0,0,0,0,0,0,0,0,0,0,0,0,0,0,0,0,0,0,0,0,0,0,0,0,0,0,0,0,0,0,0,0,0,0,0
1928395870310492935685189243668519466740686840888810222962957103509677570718237200072575255475521682686691373514729749541492411883702061882107718652614832164126954819482215337134399311517183502210966555973100489407867908814264287643314734610083416337242831676489495238961788296479597420962411694725517194531234107356606669260451034471472990591337489845231379237630000590643901583127470438782816475041221827654338726043275981547140254975180996437568975751379765108739765290694042539875056898649757976145157047148509681501567971034,0,0,0,0,0,0,0,0,0,0,0,0,0,0,0,0,1,0,0,0,0,0,0,0,0,0,0,0,0,0,0,0,0,0,0,0,0,0,0,0,0,0,0,0,0,0,0,0,0,0,0,0,0,0,0,0,0,0,0,0,0,0,0,0,0,0,0,0,0,0,0,0,0,0,0,0,0,0,0,0,0,0,0,0,0,0,0,0,0,0,0,0,0,0,0,0,0,0,0,0,0,0,0,0,0,0,0,0,0,0,0,0,0,0,0,0,0,0,0,0,0,0,0,0,0,0,0,0,0,0,0,0,0,0,0,0,0,0,0,0,0,0,0,0,0,0,0,0,0,0,0,0,0,0,0,0,0,0,0,0,0,0,0,0,0,0,0,0,0,0,0,0,0,0,0
6414749583169144950421327132624306546315910524502058417782825312552417138465681650057619954851532023199567407248107770123736490885333065233812415896076575618103654230897308457921613820808467583905290587834875599113747763083784517675355460686363308841380839424835232444977955580351811702775938707676266980523431499539458552970684587474154910239750450182455874443578599615282671674615052898335042039721012866903238476200931399758163384368610198471319146328678766712428068973205258041425705811196663562332319318157976427145990419765,0,0,0,0,0,0,0,0,0,0,0,0,0,0,0,0,0,1,0,0,0,0,0,0,0,0,0,0,0,0,0,0,0,0,0,0,0,0,0,0,0,0,0,0,0,0,0,0,0,0,0,0,0,0,0,0,0,0,0,0,0,0,0,0,0,0,0,0,0,0,0,0,0,0,0,0,0,0,0,0,0,0,0,0,0,0,0,0,0,0,0,0,0,0,0,0,0,0,0,0,0,0,0,0,0,0,0,0,0,0,0,0,0,0,0,0,0,0,0,0,0,0,0,0,0,0,0,0,0,0,0,0,0,0,0,0,0,0,0,0,0,0,0,0,0,0,0,0,0,0,0,0,0,0,0,0,0,0,0,0,0,0,0,0,0,0,0,0,0,0,0,0,0,0,0
33208604515255210233227079978886813859030794142588779111917851881832632368761005880488001354612310314047999105835079812472600343161109778307303242041266336320292976422244475208871875521710127126218377407289368486933829107790384164376858932248841885042132228988937469783347658485085929422235321718666856176183393897659293146718494788455384122851341559685004723057812042125194828848503094651724375273643051917862783487676651568914799808569333618039509456904972130330518897213610330304840136890719159198220711589667946291002063054663,0,0,0,0,0,0,0,0,0,0,0,0,0,0,0,0,0,0,1,0,0,0,0,0,0,0,0,0,0,0,0,0,0,0,0,0,0,0,0,0,0,0,0,0,0,0,0,0,0,0,0,0,0,0,0,0,0,0,0,0,0,0,0,0,0,0,0,0,0,0,0,0,0,0,0,0,0,0,0,0,0,0,0,0,0,0,0,0,0,0,0,0,0,0,0,0,0,0,0,0,0,0,0,0,0,0,0,0,0,0,0,0,0,0,0,0,0,0,0,0,0,0,0,0,0,0,0,0,0,0,0,0,0,0,0,0,0,0,0,0,0,0,0,0,0,0,0,0,0,0,0,0,0,0,0,0,0,0,0,0,0,0,0,0,0,0,0,0,0,0,0,0,0,0,0
25346871526915844110257570349420414401849258833472898900748732068414896177617407296002307787531821810619910173316002736130014477799797077189510964703087491189145452705367296591756800236296319842009618388571331951591976537351343874621708339972710212777794219818511969733819880504497539584978909115667999065836736982515081171183989073634046858062822997567847478132717030415160516130663631221822192470694900124620787685972899770080858021781740835729223102925734125030561826648974680299991994662673906013436702330737196844873494124491,0,0,0,0,0,0,0,0,0,0,0,0,0,0,0,0,0,0,0,1,0,0,0,0,0,0,0,0,0,0,0,0,0,0,0,0,0,0,0,0,0,0,0,0,0,0,0,0,0,0,0,0,0,0,0,0,0,0,0,0,0,0,0,0,0,0,0,0,0,0,0,0,0,0,0,0,0,0,0,0,0,0,0,0,0,0,0,0,0,0,0,0,0,0,0,0,0,0,0,0,0,0,0,0,0,0,0,0,0,0,0,0,0,0,0,0,0,0,0,0,0,0,0,0,0,0,0,0,0,0,0,0,0,0,0,0,0,0,0,0,0,0,0,0,0,0,0,0,0,0,0,0,0,0,0,0,0,0,0,0,0,0,0,0,0,0,0,0,0,0,0,0,0,0,0
40678239754952407555578376098278175274464220663679431369122045401226530326914143908828023398591891472525572686258395502852844361641809823128722992888899391220966078027412291486731068763397425338871827147146546299471132375090485772312369514156357926142380654858502694825129628416133718695213888224530003233384594461309756507738469832432574005836554938801330052382542160693139500413565600718319284675545295128064716523278036669619870820727155966628219228085958661446551602118959510472987498487848550981394835421991282913449907837337,0,0,0,0,0,0,0,0,0,0,0,0,0,0,0,0,0,0,0,0,1,0,0,0,0,0,0,0,0,0,0,0,0,0,0,0,0,0,0,0,0,0,0,0,0,0,0,0,0,0,0,0,0,0,0,0,0,0,0,0,0,0,0,0,0,0,0,0,0,0,0,0,0,0,0,0,0,0,0,0,0,0,0,0,0,0,0,0,0,0,0,0,0,0,0,0,0,0,0,0,0,0,0,0,0,0,0,0,0,0,0,0,0,0,0,0,0,0,0,0,0,0,0,0,0,0,0,0,0,0,0,0,0,0,0,0,0,0,0,0,0,0,0,0,0,0,0,0,0,0,0,0,0,0,0,0,0,0,0,0,0,0,0,0,0,0,0,0,0,0,0,0,0,0,0
44591785476419584671336534899247037236475767487294678704323856759539612620773552718460635688704885526704884192518515547302490767997644516896369879640264503140004480307200141401698681125731327730800517388066301921573684168321894650337979577097254542352727189288616306738032436106916043616823623101331593559846322382236368793031357037017476610724393622809994910013403744488041133875427780079258981199197438675060727457523676087778600980962661227888833831451514629385788520619222723208602221207050178598215057397771396971612610473995,0,0,0,0,0,0,0,0,0,0,0,0,0,0,0,0,0,0,0,0,0,1,0,0,0,0,0,0,0,0,0,0,0,0,0,0,0,0,0,0,0,0,0,0,0,0,0,0,0,0,0,0,0,0,0,0,0,0,0,0,0,0,0,0,0,0,0,0,0,0,0,0,0,0,0,0,0,0,0,0,0,0,0,0,0,0,0,0,0,0,0,0,0,0,0,0,0,0,0,0,0,0,0,0,0,0,0,0,0,0,0,0,0,0,0,0,0,0,0,0,0,0,0,0,0,0,0,0,0,0,0,0,0,0,0,0,0,0,0,0,0,0,0,0,0,0,0,0,0,0,0,0,0,0,0,0,0,0,0,0,0,0,0,0,0,0,0,0,0,0,0,0,0,0,0
20047950151438584237291077891036238351208440442039941709587095453043124692800327040901555381723036720145932008980382045916256812307470196302114848943267528071420925298823822630846585099916014245699037312119533420458263674093060649990673614964492534805895200726765242706143570300745559267391840785022336093937179051924590531572611565451135597391953972859623399107155098900676983630418569169553615528707126139699286653573094844155428905100248828985607391221663382991196691439535136464082458863326280448450310703760634453544926660604,0,0,0,0,0,0,0,0,0,0,0,0,0,0,0,0,0,0,0,0,0,0,1,0,0,0,0,0,0,0,0,0,0,0,0,0,0,0,0,0,0,0,0,0,0,0,0,0,0,0,0,0,0,0,0,0,0,0,0,0,0,0,0,0,0,0,0,0,0,0,0,0,0,0,0,0,0,0,0,0,0,0,0,0,0,0,0,0,0,0,0,0,0,0,0,0,0,0,0,0,0,0,0,0,0,0,0,0,0,0,0,0,0,0,0,0,0,0,0,0,0,0,0,0,0,0,0,0,0,0,0,0,0,0,0,0,0,0,0,0,0,0,0,0,0,0,0,0,0,0,0,0,0,0,0,0,0,0,0,0,0,0,0,0,0,0,0,0,0,0,0,0,0,0,0
38058497518243515090342683863288469249186661339898367696164306110379843473082435893458624986315167416497863102357153583511572865848610993886112264642820705487944424645923149769484401117396207990440655770694034054277547764720710097882340186961034157466697703629284553461790696891969101116277073515207309422697013260122531100377985703672532676838701365367350837388733012335049075526711029583938103871038115101981961069639274619610953410725345827395236933658844759944367238339380151199469582892137054208152997109288955752756775091292,0,0,0,0,0,0,0,0,0,0,0,0,0,0,0,0,0,0,0,0,0,0,0,1,0,0,0,0,0,0,0,0,0,0,0,0,0,0,0,0,0,0,0,0,0,0,0,0,0,0,0,0,0,0,0,0,0,0,0,0,0,0,0,0,0,0,0,0,0,0,0,0,0,0,0,0,0,0,0,0,0,0,0,0,0,0,0,0,0,0,0,0,0,0,0,0,0,0,0,0,0,0,0,0,0,0,0,0,0,0,0,0,0,0,0,0,0,0,0,0,0,0,0,0,0,0,0,0,0,0,0,0,0,0,0,0,0,0,0,0,0,0,0,0,0,0,0,0,0,0,0,0,0,0,0,0,0,0,0,0,0,0,0,0,0,0,0,0,0,0,0,0,0,0,0
17665336561666953678549615281944338174288389563321462492137060620532163144024757342726541762180838885302208915612441936007169170482467323084291540349803273986687784292973705344967948362885043801565575711718156441777727843051981395988816729894940515335571940686025984739224040875515925783646454751623492516795491104859011060488726079319768271293688908067695333064487647196600331602851344622847216644815940759484131104604527595087447978403035620920765151541216750900250036824130005400013282202861292477519743981922568184841114745759,0,0,0,0,0,0,0,0,0,0,0,0,0,0,0,0,0,0,0,0,0,0,0,0,1,0,0,0,0,0,0,0,0,0,0,0,0,0,0,0,0,0,0,0,0,0,0,0,0,0,0,0,0,0,0,0,0,0,0,0,0,0,0,0,0,0,0,0,0,0,0,0,0,0,0,0,0,0,0,0,0,0,0,0,0,0,0,0,0,0,0,0,0,0,0,0,0,0,0,0,0,0,0,0,0,0,0,0,0,0,0,0,0,0,0,0,0,0,0,0,0,0,0,0,0,0,0,0,0,0,0,0,0,0,0,0,0,0,0,0,0,0,0,0,0,0,0,0,0,0,0,0,0,0,0,0,0,0,0,0,0,0,0,0,0,0,0,0,0,0,0,0,0,0,0
30767308247202270227084789028833126863887313103499981111268837540563938769220244961472583836092482091956281567721325599754229546938036212991141826345906156654993461818410150804727892658447629220555377404107915263279534768396838888594229267561667138444525776182581984024872289385843634355975791622261537602203247223737792453278762711900635971231611973575883385244716260862084419545196008997056769186173762805445191645018032260536982763092900324780894141534121032263004943563497367735769611154384534173023801597536942126311388973336,0,0,0,0,0,0,0,0,0,0,0,0,0,0,0,0,0,0,0,0,0,0,0,0,0,1,0,0,0,0,0,0,0,0,0,0,0,0,0,0,0,0,0,0,0,0,0,0,0,0,0,0,0,0,0,0,0,0,0,0,0,0,0,0,0,0,0,0,0,0,0,0,0,0,0,0,0,0,0,0,0,0,0,0,0,0,0,0,0,0,0,0,0,0,0,0,0,0,0,0,0,0,0,0,0,0,0,0,0,0,0,0,0,0,0,0,0,0,0,0,0,0,0,0,0,0,0,0,0,0,0,0,0,0,0,0,0,0,0,0,0,0,0,0,0,0,0,0,0,0,0,0,0,0,0,0,0,0,0,0,0,0,0,0,0,0,0,0,0,0,0,0,0,0,0
24754440228119829713569687002817606253159746965445911588573344606756268949423017548535343563149476905249643110708410288893837402916030581951155760876197203735200483747037870427340051704294635906369926947640835402591592166553317365262882739383631381018398083469163153606058740513583258143386441262179459123073151680729514467837485352845732101367357905851667569902873982013017997330283509357532736663178414674833958896808410113351606596809371519243272992638692889129519782735383024654845144314163642908267010857553777185062810124620,0,0,0,0,0,0,0,0,0,0,0,0,0,0,0,0,0,0,0,0,0,0,0,0,0,0,1,0,0,0,0,0,0,0,0,0,0,0,0,0,0,0,0,0,0,0,0,0,0,0,0,0,0,0,0,0,0,0,0,0,0,0,0,0,0,0,0,0,0,0,0,0,0,0,0,0,0,0,0,0,0,0,0,0,0,0,0,0,0,0,0,0,0,0,0,0,0,0,0,0,0,0,0,0,0,0,0,0,0,0,0,0,0,0,0,0,0,0,0,0,0,0,0,0,0,0,0,0,0,0,0,0,0,0,0,0,0,0,0,0,0,0,0,0,0,0,0,0,0,0,0,0,0,0,0,0,0,0,0,0,0,0,0,0,0,0,0,0,0,0,0,0,0,0,0
35672247662031232789946276618460923386513077802525977022640218731974281680168979295350095072079203681491908223176620976942668071201056114021945404941216732860383407470048320683824702188716885889828109725025167804277279101694325349476951704177868651199966814191525601472153059052372121021329998379848698897546606245269078206829596674737538868381695037395760861123419993937569220336492978280425691169594224837994139199195306793935945462983079489793730698366150848798081546477207080981246960808956855908768157096444042548702534333133,0,0,0,0,0,0,0,0,0,0,0,0,0,0,0,0,0,0,0,0,0,0,0,0,0,0,0,1,0,0,0,0,0,0,0,0,0,0,0,0,0,0,0,0,0,0,0,0,0,0,0,0,0,0,0,0,0,0,0,0,0,0,0,0,0,0,0,0,0,0,0,0,0,0,0,0,0,0,0,0,0,0,0,0,0,0,0,0,0,0,0,0,0,0,0,0,0,0,0,0,0,0,0,0,0,0,0,0,0,0,0,0,0,0,0,0,0,0,0,0,0,0,0,0,0,0,0,0,0,0,0,0,0,0,0,0,0,0,0,0,0,0,0,0,0,0,0,0,0,0,0,0,0,0,0,0,0,0,0,0,0,0,0,0,0,0,0,0,0,0,0,0,0,0,0
11732549399856506889693936032382220983095075924324505949980570374142832359579548338992115124533858967277067870677663620336036520922250652868207156070629107773797005162606935158778628740131957104852963302284595045453265286793633873847986501381030274834919366511839324191162579731581271171469196094859247950035577220950208020690749957212890211171478423762449819322323939309488377241706357229817512789656227275779604360672577560543627481395907749269212100541771940050172692865222229144648930262602534160528188697793338465326112528295,0,0,0,0,0,0,0,0,0,0,0,0,0,0,0,0,0,0,0,0,0,0,0,0,0,0,0,0,1,0,0,0,0,0,0,0,0,0,0,0,0,0,0,0,0,0,0,0,0,0,0,0,0,0,0,0,0,0,0,0,0,0,0,0,0,0,0,0,0,0,0,0,0,0,0,0,0,0,0,0,0,0,0,0,0,0,0,0,0,0,0,0,0,0,0,0,0,0,0,0,0,0,0,0,0,0,0,0,0,0,0,0,0,0,0,0,0,0,0,0,0,0,0,0,0,0,0,0,0,0,0,0,0,0,0,0,0,0,0,0,0,0,0,0,0,0,0,0,0,0,0,0,0,0,0,0,0,0,0,0,0,0,0,0,0,0,0,0,0,0,0,0,0,0,0
42610055951580394249503653924659526511243605656993456571857758705727930628104661768276037819452279598815334496996499807548956854482522064088723206569164876489581911693025460560194904868106063052441381297083163662455226830596924209311462513472855771132439997639426144556427386107278535796511407353540585123048579818929360590790613564510020483034553768799460983378183450343274019402789537116992200198526056089758920846852761384647548265178093101717654987265010694666634146278708576189389524828227707054562067643464946678833900230291,0,0,0,0,0,0,0,0,0,0,0,0,0,0,0,0,0,0,0,0,0,0,0,0,0,0,0,0,0,1,0,0,0,0,0,0,0,0,0,0,0,0,0,0,0,0,0,0,0,0,0,0,0,0,0,0,0,0,0,0,0,0,0,0,0,0,0,0,0,0,0,0,0,0,0,0,0,0,0,0,0,0,0,0,0,0,0,0,0,0,0,0,0,0,0,0,0,0,0,0,0,0,0,0,0,0,0,0,0,0,0,0,0,0,0,0,0,0,0,0,0,0,0,0,0,0,0,0,0,0,0,0,0,0,0,0,0,0,0,0,0,0,0,0,0,0,0,0,0,0,0,0,0,0,0,0,0,0,0,0,0,0,0,0,0,0,0,0,0,0,0,0,0,0,0
25539509319593569282657340675514998931946410691730047069482881839181888705299864262171748640816088266340374568956263946731904683229646839557855539434972347737077837327684286889494225154114791636923853328479105747429170697727502774164884846074817513310716555461049674419303638165262845710013564547226221823074674323305230277836234746851112528099129801976277991403479845517385606798490512384437303819408981165700391787638483374103184823824192128821186121716980482928649908218883111951637276978300914877401058673886668671316642262941,0,0,0,0,0,0,0,0,0,0,0,0,0,0,0,0,0,0,0,0,0,0,0,0,0,0,0,0,0,0,1,0,0,0,0,0,0,0,0,0,0,0,0,0,0,0,0,0,0,0,0,0,0,0,0,0,0,0,0,0,0,0,0,0,0,0,0,0,0,0,0,0,0,0,0,0,0,0,0,0,0,0,0,0,0,0,0,0,0,0,0,0,0,0,0,0,0,0,0,0,0,0,0,0,0,0,0,0,0,0,0,0,0,0,0,0,0,0,0,0,0,0,0,0,0,0,0,0,0,0,0,0,0,0,0,0,0,0,0,0,0,0,0,0,0,0,0,0,0,0,0,0,0,0,0,0,0,0,0,0,0,0,0,0,0,0,0,0,0,0,0,0,0,0,0
17858989013792635773850484256712101748830915690212666957556342529460726607021489425911206484952204457908384166450616384876686944692364554116156277613933174516286415549979294720568133298964079494934474326191042573957813740992107905769786348003818066917952837729490423028364384860509098817709826951935838172064860996574282648326653754111431755441217598963713481927195979146963131207535909610408394611270606801985041115756937220450575385305045272333769541050580408353750114862214549432180188323027415513958606911032541489675125810983,0,0,0,0,0,0,0,0,0,0,0,0,0,0,0,0,0,0,0,0,0,0,0,0,0,0,0,0,0,0,0,1,0,0,0,0,0,0,0,0,0,0,0,0,0,0,0,0,0,0,0,0,0,0,0,0,0,0,0,0,0,0,0,0,0,0,0,0,0,0,0,0,0,0,0,0,0,0,0,0,0,0,0,0,0,0,0,0,0,0,0,0,0,0,0,0,0,0,0,0,0,0,0,0,0,0,0,0,0,0,0,0,0,0,0,0,0,0,0,0,0,0,0,0,0,0,0,0,0,0,0,0,0,0,0,0,0,0,0,0,0,0,0,0,0,0,0,0,0,0,0,0,0,0,0,0,0,0,0,0,0,0,0,0,0,0,0,0,0,0,0,0,0,0,0
40198780493713598653903630218578624192095601377292329006627627090627529771627818474861786095406753576305096044246151135504992994614463392136761598676324006517531272216451074473394045588679242687312217553015339163108117501035481945540760212413401585283579236127173407358841964735053701984049527098964276198800739225898263955858896124621859498225103650067302411188301482140809893423029406457563437497271807082248049753751436214644398377399662778976495231195641562457325339957922951734524833535781363368932561328497150939519606592369,0,0,0,0,0,0,0,0,0,0,0,0,0,0,0,0,0,0,0,0,0,0,0,0,0,0,0,0,0,0,0,0,1,0,0,0,0,0,0,0,0,0,0,0,0,0,0,0,0,0,0,0,0,0,0,0,0,0,0,0,0,0,0,0,0,0,0,0,0,0,0,0,0,0,0,0,0,0,0,0,0,0,0,0,0,0,0,0,0,0,0,0,0,0,0,0,0,0,0,0,0,0,0,0,0,0,0,0,0,0,0,0,0,0,0,0,0,0,0,0,0,0,0,0,0,0,0,0,0,0,0,0,0,0,0,0,0,0,0,0,0,0,0,0,0,0,0,0,0,0,0,0,0,0,0,0,0,0,0,0,0,0,0,0,0,0,0,0,0,0,0,0,0,0,0
2886366395295963011891069896139468128480879372527458903890187724083421750996802704056317933397685066029540594471129091283558078412650133698161976769483562626627171219262531055512748434318427071471431884407802928973524731042296231950356210473221859744863342977949950270385379230157944256063301898275041022695864818099049303567557536175293331707993082277301563515730129915582447009102046083954576172886611848946948746544369193368194432353305584505828895805429624272953762999880606981209722771856315426025607141739193193094701885419,0,0,0,0,0,0,0,0,0,0,0,0,0,0,0,0,0,0,0,0,0,0,0,0,0,0,0,0,0,0,0,0,0,1,0,0,0,0,0,0,0,0,0,0,0,0,0,0,0,0,0,0,0,0,0,0,0,0,0,0,0,0,0,0,0,0,0,0,0,0,0,0,0,0,0,0,0,0,0,0,0,0,0,0,0,0,0,0,0,0,0,0,0,0,0,0,0,0,0,0,0,0,0,0,0,0,0,0,0,0,0,0,0,0,0,0,0,0,0,0,0,0,0,0,0,0,0,0,0,0,0,0,0,0,0,0,0,0,0,0,0,0,0,0,0,0,0,0,0,0,0,0,0,0,0,0,0,0,0,0,0,0,0,0,0,0,0,0,0,0,0,0,0,0,0
33552766230524851595810108900910126705398756707949946718588326217661053831320724292665407725128690502307342842698976489953372939434239201808880060562372774195371132622074183345653208685420077390639737635997633113885104755728020912460550798196959071836462568403489266348217710034737630956431089890787661090886465022786689333176049860084550283562321945957408848797913926144783562177158397835652472112836547158699147368549300622773620791820468145438331989828121485326115501004941337254158766697736477309802564453706162819150000258146,0,0,0,0,0,0,0,0,0,0,0,0,0,0,0,0,0,0,0,0,0,0,0,0,0,0,0,0,0,0,0,0,0,0,1,0,0,0,0,0,0,0,0,0,0,0,0,0,0,0,0,0,0,0,0,0,0,0,0,0,0,0,0,0,0,0,0,0,0,0,0,0,0,0,0,0,0,0,0,0,0,0,0,0,0,0,0,0,0,0,0,0,0,0,0,0,0,0,0,0,0,0,0,0,0,0,0,0,0,0,0,0,0,0,0,0,0,0,0,0,0,0,0,0,0,0,0,0,0,0,0,0,0,0,0,0,0,0,0,0,0,0,0,0,0,0,0,0,0,0,0,0,0,0,0,0,0,0,0,0,0,0,0,0,0,0,0,0,0,0,0,0,0,0,0
31042768625175412691608399481478861694348155511936839940775060944279292503964086235857237141084443999944878752122113367919257128612173791902912369236521598420899601428741577571586986903080818634050423722651753376938873176128852036885256318534632626587378320126778875439055731582475429488883391244036587526039443335701815836375112363636051367388402640606196789007606484428557150916568025332324974519000033888671019940222678413735973333735216093738759575845550201498580555374189749010486596929300816627819503666592234962225039101063,0,0,0,0,0,0,0,0,0,0,0,0,0,0,0,0,0,0,0,0,0,0,0,0,0,0,0,0,0,0,0,0,0,0,0,1,0,0,0,0,0,0,0,0,0,0,0,0,0,0,0,0,0,0,0,0,0,0,0,0,0,0,0,0,0,0,0,0,0,0,0,0,0,0,0,0,0,0,0,0,0,0,0,0,0,0,0,0,0,0,0,0,0,0,0,0,0,0,0,0,0,0,0,0,0,0,0,0,0,0,0,0,0,0,0,0,0,0,0,0,0,0,0,0,0,0,0,0,0,0,0,0,0,0,0,0,0,0,0,0,0,0,0,0,0,0,0,0,0,0,0,0,0,0,0,0,0,0,0,0,0,0,0,0,0,0,0,0,0,0,0,0,0,0,0
27467194445758737211055415285054222005125619198962720811247127895735805049636957645442656875755653778307841021724688605678682204618219575771745747169384337428858135384031426346328898570254934433383841594276363843317854792890112274577051890573839187332901671637926109382311929087764311187821889824723958332285939558491072755920534826977260259146117189617815401533490471466799415225416422594515142939901292599508801129230985991720028650945922016189692287526813030336469567950776292351299987153221316930606494966303388438507269077430,0,0,0,0,0,0,0,0,0,0,0,0,0,0,0,0,0,0,0,0,0,0,0,0,0,0,0,0,0,0,0,0,0,0,0,0,1,0,0,0,0,0,0,0,0,0,0,0,0,0,0,0,0,0,0,0,0,0,0,0,0,0,0,0,0,0,0,0,0,0,0,0,0,0,0,0,0,0,0,0,0,0,0,0,0,0,0,0,0,0,0,0,0,0,0,0,0,0,0,0,0,0,0,0,0,0,0,0,0,0,0,0,0,0,0,0,0,0,0,0,0,0,0,0,0,0,0,0,0,0,0,0,0,0,0,0,0,0,0,0,0,0,0,0,0,0,0,0,0,0,0,0,0,0,0,0,0,0,0,0,0,0,0,0,0,0,0,0,0,0,0,0,0,0,0
6124852110187191693127477600104272896288723467572892228701119100835544255115791437459348497806855322105612473294720347600624036407837023487195677918539649703099651957292375358034481957529021942125577060734319587678575828360238555073577197511840680963974176144187030188643729918331585413112668458958998715773535542697763999582006004337627587236656861565577310740578773259280316333250071509572866302165735032708831453630962719951659194395960356257602437923987307789395562801644101771041448393275192192026355098047942995594682146908,0,0,0,0,0,0,0,0,0,0,0,0,0,0,0,0,0,0,0,0,0,0,0,0,0,0,0,0,0,0,0,0,0,0,0,0,0,1,0,0,0,0,0,0,0,0,0,0,0,0,0,0,0,0,0,0,0,0,0,0,0,0,0,0,0,0,0,0,0,0,0,0,0,0,0,0,0,0,0,0,0,0,0,0,0,0,0,0,0,0,0,0,0,0,0,0,0,0,0,0,0,0,0,0,0,0,0,0,0,0,0,0,0,0,0,0,0,0,0,0,0,0,0,0,0,0,0,0,0,0,0,0,0,0,0,0,0,0,0,0,0,0,0,0,0,0,0,0,0,0,0,0,0,0,0,0,0,0,0,0,0,0,0,0,0,0,0,0,0,0,0,0,0,0,0
42649330481554848469596020833210129771801338851421996864867245523422972651580298848934217378893258319829594889005043762679150718707366592832742779868078798713654333138364237464324764263303132785290171690634307889436551973133745999937401403842996016636698563003383881850076242994303255169844695943474562691986061655087434441344632924013364431945982155803236654190032121551440462470646826794545297140629063177287100784103153621463123496628484911592689197651632071613962608080821875625817417550310736262869978387951619941402015311177,0,0,0,0,0,0,0,0,0,0,0,0,0,0,0,0,0,0,0,0,0,0,0,0,0,0,0,0,0,0,0,0,0,0,0,0,0,0,1,0,0,0,0,0,0,0,0,0,0,0,0,0,0,0,0,0,0,0,0,0,0,0,0,0,0,0,0,0,0,0,0,0,0,0,0,0,0,0,0,0,0,0,0,0,0,0,0,0,0,0,0,0,0,0,0,0,0,0,0,0,0,0,0,0,0,0,0,0,0,0,0,0,0,0,0,0,0,0,0,0,0,0,0,0,0,0,0,0,0,0,0,0,0,0,0,0,0,0,0,0,0,0,0,0,0,0,0,0,0,0,0,0,0,0,0,0,0,0,0,0,0,0,0,0,0,0,0,0,0,0,0,0,0,0,0
1636634493643235461015565227443273248374801132304444905062155568225660254298795981330415844520817989702357864948508685634593142349240518120260262822808463619281826085596656159664282555043134493631959142945046139930414369462841463737712931816808034830840656944585820179703928604578473641453009618079932050331865835486946098017962403204294297272535718091624672179628564967015623939710396108271567033928299188385531358140239777520660409125636251505791243305254333115794924520949100858833017858139500606321290803108373557226602082005,0,0,0,0,0,0,0,0,0,0,0,0,0,0,0,0,0,0,0,0,0,0,0,0,0,0,0,0,0,0,0,0,0,0,0,0,0,0,0,1,0,0,0,0,0,0,0,0,0,0,0,0,0,0,0,0,0,0,0,0,0,0,0,0,0,0,0,0,0,0,0,0,0,0,0,0,0,0,0,0,0,0,0,0,0,0,0,0,0,0,0,0,0,0,0,0,0,0,0,0,0,0,0,0,0,0,0,0,0,0,0,0,0,0,0,0,0,0,0,0,0,0,0,0,0,0,0,0,0,0,0,0,0,0,0,0,0,0,0,0,0,0,0,0,0,0,0,0,0,0,0,0,0,0,0,0,0,0,0,0,0,0,0,0,0,0,0,0,0,0,0,0,0,0,0
41930071244992758152591463192360994173916708012233640865446934080901882885959824518400455385973070345309988157880191102699357062714111380765738195407494263020763768633981089753641602518982104809744331297332423117826765683695669646765666566959636841256645292335034921622784317450733366730642407084367171812719135440941676257029104755089564287824524467719760514916833535084325425762616689105297834348913531548135472343025103296635080279802317987240476693455103062067508524509545025325603347306399092010324324546926515309787110393459,0,0,0,0,0,0,0,0,0,0,0,0,0,0,0,0,0,0,0,0,0,0,0,0,0,0,0,0,0,0,0,0,0,0,0,0,0,0,0,0,1,0,0,0,0,0,0,0,0,0,0,0,0,0,0,0,0,0,0,0,0,0,0,0,0,0,0,0,0,0,0,0,0,0,0,0,0,0,0,0,0,0,0,0,0,0,0,0,0,0,0,0,0,0,0,0,0,0,0,0,0,0,0,0,0,0,0,0,0,0,0,0,0,0,0,0,0,0,0,0,0,0,0,0,0,0,0,0,0,0,0,0,0,0,0,0,0,0,0,0,0,0,0,0,0,0,0,0,0,0,0,0,0,0,0,0,0,0,0,0,0,0,0,0,0,0,0,0,0,0,0,0,0,0,0
3573425811553948618912806597387637001769520512724296547782756007422088906249753888202152976081848862705055029424154680745606434125527319020350769171278110666766050356674352805634588984051809650894359807863101878724690900551864668682430402995384374011899624441359025890077298489834561222847450781044814236759690652898898389261243571242154934836833283199906079090802381047132894288279905460999915869460142428529919620594175971850988546617540341434235067302028992987067425796665359348968785056755753442802172032704336612121372978921,0,0,0,0,0,0,0,0,0,0,0,0,0,0,0,0,0,0,0,0,0,0,0,0,0,0,0,0,0,0,0,0,0,0,0,0,0,0,0,0,0,1,0,0,0,0,0,0,0,0,0,0,0,0,0,0,0,0,0,0,0,0,0,0,0,0,0,0,0,0,0,0,0,0,0,0,0,0,0,0,0,0,0,0,0,0,0,0,0,0,0,0,0,0,0,0,0,0,0,0,0,0,0,0,0,0,0,0,0,0,0,0,0,0,0,0,0,0,0,0,0,0,0,0,0,0,0,0,0,0,0,0,0,0,0,0,0,0,0,0,0,0,0,0,0,0,0,0,0,0,0,0,0,0,0,0,0,0,0,0,0,0,0,0,0,0,0,0,0,0,0,0,0,0,0
40168994914815420560159700258344129046769178522658836598797079946528783993967495341644467566803942132035526994869645548009429483906405798684312683462421681172685800296153705234822241734869344971131497344163843712605947604912907797925539972528625046345079056717491057565643617454637240940260124578852959439958421949697571921744479179725051025796713253327674747604973596138090695676219560593862228027454606150639915322375519016936362944629626991097943352263234312165755265684952298450593371243348734099212103449605635027908781381525,0,0,0,0,0,0,0,0,0,0,0,0,0,0,0,0,0,0,0,0,0,0,0,0,0,0,0,0,0,0,0,0,0,0,0,0,0,0,0,0,0,0,1,0,0,0,0,0,0,0,0,0,0,0,0,0,0,0,0,0,0,0,0,0,0,0,0,0,0,0,0,0,0,0,0,0,0,0,0,0,0,0,0,0,0,0,0,0,0,0,0,0,0,0,0,0,0,0,0,0,0,0,0,0,0,0,0,0,0,0,0,0,0,0,0,0,0,0,0,0,0,0,0,0,0,0,0,0,0,0,0,0,0,0,0,0,0,0,0,0,0,0,0,0,0,0,0,0,0,0,0,0,0,0,0,0,0,0,0,0,0,0,0,0,0,0,0,0,0,0,0,0,0,0,0
25323868264752340605304069479288465867393476589713239923624862163367838235662253408303270632028001909724337911884093234451381173693917704440315031802684659383856248700671355463843962831757834178092609657240322081861663643243965897807782805908949571596498631745487852458938217982793107807147355408539387002456092602569468385210184536906614442588874077839795219378762167550301980861323608191244280283181479516364093941006911060370982210365996028134796786027449006312608469004411047535219788462474513508789517607400046099423791820268,0,0,0,0,0,0,0,0,0,0,0,0,0,0,0,0,0,0,0,0,0,0,0,0,0,0,0,0,0,0,0,0,0,0,0,0,0,0,0,0,0,0,0,1,0,0,0,0,0,0,0,0,0,0,0,0,0,0,0,0,0,0,0,0,0,0,0,0,0,0,0,0,0,0,0,0,0,0,0,0,0,0,0,0,0,0,0,0,0,0,0,0,0,0,0,0,0,0,0,0,0,0,0,0,0,0,0,0,0,0,0,0,0,0,0,0,0,0,0,0,0,0,0,0,0,0,0,0,0,0,0,0,0,0,0,0,0,0,0,0,0,0,0,0,0,0,0,0,0,0,0,0,0,0,0,0,0,0,0,0,0,0,0,0,0,0,0,0,0,0,0,0,0,0,0
14566734492945838451844836614581682652603136876088631455434400717837580237595713487595905008475245774008863260032815457800581810409891379716363814969509213829551294216086852662461982706395882419515490717870084334427590717747491139981969943325859525656849448580911284812161074612900534623891184894171634951051978063215577237686143279486971708385779576430094088300370410946634820581665612936434904124677058392468919215048867691336062950888335917309944694579066103677719876208872785751593861909492116942532895254124628040203926911073,0,0,0,0,0,0,0,0,0,0,0,0,0,0,0,0,0,0,0,0,0,0,0,0,0,0,0,0,0,0,0,0,0,0,0,0,0,0,0,0,0,0,0,0,1,0,0,0,0,0,0,0,0,0,0,0,0,0,0,0,0,0,0,0,0,0,0,0,0,0,0,0,0,0,0,0,0,0,0,0,0,0,0,0,0,0,0,0,0,0,0,0,0,0,0,0,0,0,0,0,0,0,0,0,0,0,0,0,0,0,0,0,0,0,0,0,0,0,0,0,0,0,0,0,0,0,0,0,0,0,0,0,0,0,0,0,0,0,0,0,0,0,0,0,0,0,0,0,0,0,0,0,0,0,0,0,0,0,0,0,0,0,0,0,0,0,0,0,0,0,0,0,0,0,0
7551629226035703913083734254552411231377973934080654915011983588060033383990190189786904148178807443440390086012486838808218567772445317067672563801817459949341594079699928875389144868599712600125918248780877279083623083930353634855047163843155965375572451704713124647606353769362949209813032918202275630536136116809682241515788449468458510223371684723998527089115599764734119940188399398324187924564096923514592278296269055683942637355414315030917862876047399715153296310910666275681326633896427596625167032841220352388564517110,0,0,0,0,0,0,0,0,0,0,0,0,0,0,0,0,0,0,0,0,0,0,0,0,0,0,0,0,0,0,0,0,0,0,0,0,0,0,0,0,0,0,0,0,0,1,0,0,0,0,0,0,0,0,0,0,0,0,0,0,0,0,0,0,0,0,0,0,0,0,0,0,0,0,0,0,0,0,0,0,0,0,0,0,0,0,0,0,0,0,0,0,0,0,0,0,0,0,0,0,0,0,0,0,0,0,0,0,0,0,0,0,0,0,0,0,0,0,0,0,0,0,0,0,0,0,0,0,0,0,0,0,0,0,0,0,0,0,0,0,0,0,0,0,0,0,0,0,0,0,0,0,0,0,0,0,0,0,0,0,0,0,0,0,0,0,0,0,0,0,0,0,0,0,0
5152561333030053337619332161220155224019309877007255462359947628940370512317377235296469054401186799434610171105655116953588469593176780915435202555252749004625696859505848150925962188881773197771096576118734386375164923533170963708540071880739049063687628966413537012768836881819914483624210790975125926165763330933302187471259491295096685558125598387453227926995617633462386383203177014978991873903528306594234471159830653108666165333431073475673881134168444872592638165218296887196152555427181231468076996115183724760679395462,0,0,0,0,0,0,0,0,0,0,0,0,0,0,0,0,0,0,0,0,0,0,0,0,0,0,0,0,0,0,0,0,0,0,0,0,0,0,0,0,0,0,0,0,0,0,1,0,0,0,0,0,0,0,0,0,0,0,0,0,0,0,0,0,0,0,0,0,0,0,0,0,0,0,0,0,0,0,0,0,0,0,0,0,0,0,0,0,0,0,0,0,0,0,0,0,0,0,0,0,0,0,0,0,0,0,0,0,0,0,0,0,0,0,0,0,0,0,0,0,0,0,0,0,0,0,0,0,0,0,0,0,0,0,0,0,0,0,0,0,0,0,0,0,0,0,0,0,0,0,0,0,0,0,0,0,0,0,0,0,0,0,0,0,0,0,0,0,0,0,0,0,0,0,0
44900139189983577664822333938971838501948834031884450326235991520873093633388789133893265343592469969863678876444000802593885137585811275362626742752074350840223198608831850263528028335683771359720714969412486831750726635585711480537090119341415416154097789482213364865211656339419680508860102099626422893418560064014706334258938458156623108043059439814896522621889915337370173639177715122307453183518618693514345057578687119864172462176807399121681735732706965370849577507478359732694075873326324081188723846118776619336545707618,0,0,0,0,0,0,0,0,0,0,0,0,0,0,0,0,0,0,0,0,0,0,0,0,0,0,0,0,0,0,0,0,0,0,0,0,0,0,0,0,0,0,0,0,0,0,0,1,0,0,0,0,0,0,0,0,0,0,0,0,0,0,0,0,0,0,0,0,0,0,0,0,0,0,0,0,0,0,0,0,0,0,0,0,0,0,0,0,0,0,0,0,0,0,0,0,0,0,0,0,0,0,0,0,0,0,0,0,0,0,0,0,0,0,0,0,0,0,0,0,0,0,0,0,0,0,0,0,0,0,0,0,0,0,0,0,0,0,0,0,0,0,0,0,0,0,0,0,0,0,0,0,0,0,0,0,0,0,0,0,0,0,0,0,0,0,0,0,0,0,0,0,0,0,0
11251621494712417510850859316952853661841152533911667922208581077149524929371372272270859950153441392800040788270019310621184041241579792109747906506948863160413840930745771425195923191483268805402759695960807803708946550934755692674029537997692468142020526782821797003982093135553038656371885615988061768761409845995760238992561854942872938192514147709690179206080681555047878512619138009109910284917312317008241527700250672412201406663676743985790373977705460850065489888194601372113082536509723055006234525740826278771951447832,0,0,0,0,0,0,0,0,0,0,0,0,0,0,0,0,0,0,0,0,0,0,0,0,0,0,0,0,0,0,0,0,0,0,0,0,0,0,0,0,0,0,0,0,0,0,0,0,1,0,0,0,0,0,0,0,0,0,0,0,0,0,0,0,0,0,0,0,0,0,0,0,0,0,0,0,0,0,0,0,0,0,0,0,0,0,0,0,0,0,0,0,0,0,0,0,0,0,0,0,0,0,0,0,0,0,0,0,0,0,0,0,0,0,0,0,0,0,0,0,0,0,0,0,0,0,0,0,0,0,0,0,0,0,0,0,0,0,0,0,0,0,0,0,0,0,0,0,0,0,0,0,0,0,0,0,0,0,0,0,0,0,0,0,0,0,0,0,0,0,0,0,0,0,0
24464907476602644933881661135216805598111299970704961610806436469328604727094848330102758391068034684208213229839103106994149051932028262818770327270896598808895340124405428817654367289515518148641523782506536993067899162967915276612926104290064545820964674752636832917205405966722234972043380330607463179139046482808557695215601013943058488466209552201775107529009559160145626627329292702596965298475628488922135055856088550770131905852073447420822955217940220639648732724575413714515376416596566817962075441472889920442212921235,0,0,0,0,0,0,0,0,0,0,0,0,0,0,0,0,0,0,0,0,0,0,0,0,0,0,0,0,0,0,0,0,0,0,0,0,0,0,0,0,0,0,0,0,0,0,0,0,0,1,0,0,0,0,0,0,0,0,0,0,0,0,0,0,0,0,0,0,0,0,0,0,0,0,0,0,0,0,0,0,0,0,0,0,0,0,0,0,0,0,0,0,0,0,0,0,0,0,0,0,0,0,0,0,0,0,0,0,0,0,0,0,0,0,0,0,0,0,0,0,0,0,0,0,0,0,0,0,0,0,0,0,0,0,0,0,0,0,0,0,0,0,0,0,0,0,0,0,0,0,0,0,0,0,0,0,0,0,0,0,0,0,0,0,0,0,0,0,0,0,0,0,0,0,0
6362326152103028937920059245488214911760506723028903445986632338795602952879767045677980513726189598096276450789292442015589201408970309961486650087506537915087600075679021870963087357953810924422805818903347041936442725822958818853822682438961190513101010632418144869302056997053890048643600759993469866521934168101629496571568893459768416943432169403474172131480691194724003079190081442258457815702581785801539170363682139724395727335251430512212374094907505662288321917135205127273974547003327786089621279575560394975979342904,0,0,0,0,0,0,0,0,0,0,0,0,0,0,0,0,0,0,0,0,0,0,0,0,0,0,0,0,0,0,0,0,0,0,0,0,0,0,0,0,0,0,0,0,0,0,0,0,0,0,1,0,0,0,0,0,0,0,0,0,0,0,0,0,0,0,0,0,0,0,0,0,0,0,0,0,0,0,0,0,0,0,0,0,0,0,0,0,0,0,0,0,0,0,0,0,0,0,0,0,0,0,0,0,0,0,0,0,0,0,0,0,0,0,0,0,0,0,0,0,0,0,0,0,0,0,0,0,0,0,0,0,0,0,0,0,0,0,0,0,0,0,0,0,0,0,0,0,0,0,0,0,0,0,0,0,0,0,0,0,0,0,0,0,0,0,0,0,0,0,0,0,0,0,0
28802547880685448050026204971473302821907019334726749604096228830103453057237104771884462874093285443227063804050754032137436061072763463529437905570891038164913560165736444123537400819506485353372467243725327532454150984800078829894345208299706035462985266075987419999018892524682181869460893166541751517216546639657834031544223004137531232539994654339686858883410006631829569333094865098443120597794003992589640715244514058477209472310662205697870432928444769569359395232691119755473924023685434643523073776656757492596561217526,0,0,0,0,0,0,0,0,0,0,0,0,0,0,0,0,0,0,0,0,0,0,0,0,0,0,0,0,0,0,0,0,0,0,0,0,0,0,0,0,0,0,0,0,0,0,0,0,0,0,0,1,0,0,0,0,0,0,0,0,0,0,0,0,0,0,0,0,0,0,0,0,0,0,0,0,0,0,0,0,0,0,0,0,0,0,0,0,0,0,0,0,0,0,0,0,0,0,0,0,0,0,0,0,0,0,0,0,0,0,0,0,0,0,0,0,0,0,0,0,0,0,0,0,0,0,0,0,0,0,0,0,0,0,0,0,0,0,0,0,0,0,0,0,0,0,0,0,0,0,0,0,0,0,0,0,0,0,0,0,0,0,0,0,0,0,0,0,0,0,0,0,0,0,0
40770651821152346743127750262449162235944018179015580996102216068523457734973811118796973104976422013710718286041294208004870170002310317740166124315121362721890041409598661905599109274142503953028966778492944245181681940217654167073844986435722793698104215434738122571774327903402909935373878693880207530079068736222250315253312239811992632067296543150386310384388331670286305736777753407313700814710918197708580165109443954710543399416464086348272154768271883788720492073444276005963691632434822475398109822766625394881119801102,0,0,0,0,0,0,0,0,0,0,0,0,0,0,0,0,0,0,0,0,0,0,0,0,0,0,0,0,0,0,0,0,0,0,0,0,0,0,0,0,0,0,0,0,0,0,0,0,0,0,0,0,1,0,0,0,0,0,0,0,0,0,0,0,0,0,0,0,0,0,0,0,0,0,0,0,0,0,0,0,0,0,0,0,0,0,0,0,0,0,0,0,0,0,0,0,0,0,0,0,0,0,0,0,0,0,0,0,0,0,0,0,0,0,0,0,0,0,0,0,0,0,0,0,0,0,0,0,0,0,0,0,0,0,0,0,0,0,0,0,0,0,0,0,0,0,0,0,0,0,0,0,0,0,0,0,0,0,0,0,0,0,0,0,0,0,0,0,0,0,0,0,0,0,0
20619824516546957698525694771373376709062540274057929589414099845311756443105801002903853299260001198198389341643444414468542878074012815457742854415680656469126285297687851081551130257442215211708141906477615203402875582298014753440268433362825924818001713894858224070890673187367049346462274715188360440024527747637388147583610752454613524106973502765284377541375498807412253484338255958748322788093601355431021843341858637062392658707382060420468145299005550337907027457231853091509894508878978946670195472708497473994723519710,0,0,0,0,0,0,0,0,0,0,0,0,0,0,0,0,0,0,0,0,0,0,0,0,0,0,0,0,0,0,0,0,0,0,0,0,0,0,0,0,0,0,0,0,0,0,0,0,0,0,0,0,0,1,0,0,0,0,0,0,0,0,0,0,0,0,0,0,0,0,0,0,0,0,0,0,0,0,0,0,0,0,0,0,0,0,0,0,0,0,0,0,0,0,0,0,0,0,0,0,0,0,0,0,0,0,0,0,0,0,0,0,0,0,0,0,0,0,0,0,0,0,0,0,0,0,0,0,0,0,0,0,0,0,0,0,0,0,0,0,0,0,0,0,0,0,0,0,0,0,0,0,0,0,0,0,0,0,0,0,0,0,0,0,0,0,0,0,0,0,0,0,0,0,0
41185756800957276818694798323989259579016738935220772971369732328262530838314081809629330736411984686336098456290864461955238938139073349617345218419223328959975925433016747343166869027337129097798529002335008570990114522257173035675090543258472427053331097231213789640025566742460483331900219659984845681164313587049594323485789042518978387230297197404057361887136059251500543565775116566258256424561333420435238075971894852461759208350586592698930331730027544817542569605533258147651330807018160487292231454852106587920314286389,0,0,0,0,0,0,0,0,0,0,0,0,0,0,0,0,0,0,0,0,0,0,0,0,0,0,0,0,0,0,0,0,0,0,0,0,0,0,0,0,0,0,0,0,0,0,0,0,0,0,0,0,0,0,1,0,0,0,0,0,0,0,0,0,0,0,0,0,0,0,0,0,0,0,0,0,0,0,0,0,0,0,0,0,0,0,0,0,0,0,0,0,0,0,0,0,0,0,0,0,0,0,0,0,0,0,0,0,0,0,0,0,0,0,0,0,0,0,0,0,0,0,0,0,0,0,0,0,0,0,0,0,0,0,0,0,0,0,0,0,0,0,0,0,0,0,0,0,0,0,0,0,0,0,0,0,0,0,0,0,0,0,0,0,0,0,0,0,0,0,0,0,0,0,0
40249193976850255198673318417105328276998184393373760482546357935592698950722206171993225467263494756718046199996888294610301237492905920405609360481364666186241095551830664666328250422293045352699409456115983891049980249779168514632411748356706763832582786329877890349000122804164167897349738984620634215703713068110549620423444787360857781438187638996126636398831411304242770507110439169367370526741429963700497682022187584186920147334182779148923184074571062767203627150129101029916475316872037066579249952286230386956699410503,0,0,0,0,0,0,0,0,0,0,0,0,0,0,0,0,0,0,0,0,0,0,0,0,0,0,0,0,0,0,0,0,0,0,0,0,0,0,0,0,0,0,0,0,0,0,0,0,0,0,0,0,0,0,0,1,0,0,0,0,0,0,0,0,0,0,0,0,0,0,0,0,0,0,0,0,0,0,0,0,0,0,0,0,0,0,0,0,0,0,0,0,0,0,0,0,0,0,0,0,0,0,0,0,0,0,0,0,0,0,0,0,0,0,0,0,0,0,0,0,0,0,0,0,0,0,0,0,0,0,0,0,0,0,0,0,0,0,0,0,0,0,0,0,0,0,0,0,0,0,0,0,0,0,0,0,0,0,0,0,0,0,0,0,0,0,0,0,0,0,0,0,0,0,0
25597132419593833844083000078925729862862662501897158041211967340901026047985298673940346725112934513097377564377274014966644216433332657058255729114773176210841745428854291394679709397833080990494419092250193503428958395492664454920508707133026577401712686167797569670942401967943145458086179234056219197753502971095317151182410531370628462667589732522958293232602266530502312315748836948993886497600364224234782184139580438718144280005191429766252481717467065533067683055740020054983328827860388451648162757779360571832561549480,0,0,0,0,0,0,0,0,0,0,0,0,0,0,0,0,0,0,0,0,0,0,0,0,0,0,0,0,0,0,0,0,0,0,0,0,0,0,0,0,0,0,0,0,0,0,0,0,0,0,0,0,0,0,0,0,1,0,0,0,0,0,0,0,0,0,0,0,0,0,0,0,0,0,0,0,0,0,0,0,0,0,0,0,0,0,0,0,0,0,0,0,0,0,0,0,0,0,0,0,0,0,0,0,0,0,0,0,0,0,0,0,0,0,0,0,0,0,0,0,0,0,0,0,0,0,0,0,0,0,0,0,0,0,0,0,0,0,0,0,0,0,0,0,0,0,0,0,0,0,0,0,0,0,0,0,0,0,0,0,0,0,0,0,0,0,0,0,0,0,0,0,0,0,0
7612455477902030202130120656649450815105350698360168752087642551262124122578995725658256787563506358251922928733697296974207818411424070085988542709052718381475423823558695939898605764300704786625926242690656636292236104613168053582647089583346272621871607528361328857687569272091837091020550837952688527604772544760525653110555648724430638699930308042544181790092418878322595234268586971969622686903736912362292182700404401454420595291349363032227296501649633668597633580826015733252573757910187249573284735404519584960849213771,0,0,0,0,0,0,0,0,0,0,0,0,0,0,0,0,0,0,0,0,0,0,0,0,0,0,0,0,0,0,0,0,0,0,0,0,0,0,0,0,0,0,0,0,0,0,0,0,0,0,0,0,0,0,0,0,0,1,0,0,0,0,0,0,0,0,0,0,0,0,0,0,0,0,0,0,0,0,0,0,0,0,0,0,0,0,0,0,0,0,0,0,0,0,0,0,0,0,0,0,0,0,0,0,0,0,0,0,0,0,0,0,0,0,0,0,0,0,0,0,0,0,0,0,0,0,0,0,0,0,0,0,0,0,0,0,0,0,0,0,0,0,0,0,0,0,0,0,0,0,0,0,0,0,0,0,0,0,0,0,0,0,0,0,0,0,0,0,0,0,0,0,0,0,0
13767169600343002605552302962759028407841692362159919131845535632462984941683112707530086129444173699579755525003027201820520953755315118759602517512643009040525824420625533295603351746349210313143055404221181580296364077706285785851237574298372155531751595827462732630588229596820224085107057871716302503177840961503517420078645701672736302961931982834670551284219340635734755286617511493263056201617574000506783384500077357837669487385170184669880083425569299476278684809097748705650432285143632121808409531662329003292440122579,0,0,0,0,0,0,0,0,0,0,0,0,0,0,0,0,0,0,0,0,0,0,0,0,0,0,0,0,0,0,0,0,0,0,0,0,0,0,0,0,0,0,0,0,0,0,0,0,0,0,0,0,0,0,0,0,0,0,1,0,0,0,0,0,0,0,0,0,0,0,0,0,0,0,0,0,0,0,0,0,0,0,0,0,0,0,0,0,0,0,0,0,0,0,0,0,0,0,0,0,0,0,0,0,0,0,0,0,0,0,0,0,0,0,0,0,0,0,0,0,0,0,0,0,0,0,0,0,0,0,0,0,0,0,0,0,0,0,0,0,0,0,0,0,0,0,0,0,0,0,0,0,0,0,0,0,0,0,0,0,0,0,0,0,0,0,0,0,0,0,0,0,0,0,0
8250599895480298392603932452538799877640948442204205175922053540956773242889683124206974158423843361106048874250284591375478799869569578921190333002266105473128346379072198374700649711714851011861679690871345989193158687176568678957706909674076272318620921750727976711087932485980284687674002783056890747426550590877746736634005574261114964547599736258125619400778396595518613741622682915138582833220892794839557432810754543249493938402317613267759535684756523095983152037760104814998794725952142968735171460785166445291302305515,0,0,0,0,0,0,0,0,0,0,0,0,0,0,0,0,0,0,0,0,0,0,0,0,0,0,0,0,0,0,0,0,0,0,0,0,0,0,0,0,0,0,0,0,0,0,0,0,0,0,0,0,0,0,0,0,0,0,0,1,0,0,0,0,0,0,0,0,0,0,0,0,0,0,0,0,0,0,0,0,0,0,0,0,0,0,0,0,0,0,0,0,0,0,0,0,0,0,0,0,0,0,0,0,0,0,0,0,0,0,0,0,0,0,0,0,0,0,0,0,0,0,0,0,0,0,0,0,0,0,0,0,0,0,0,0,0,0,0,0,0,0,0,0,0,0,0,0,0,0,0,0,0,0,0,0,0,0,0,0,0,0,0,0,0,0,0,0,0,0,0,0,0,0,0
367447287255727081002547787899277019424040110913331709257380454579885847879566966868183802991978306193138058379661074824269736125439833419942339187205973277892745650647438011121447774940443688477239938869962513257555280909384438436608282755380457337924358193202610710939354776308138138246742961691396953152177556506358392209681114206923785683087193837828835128106322117121706049056102859135011488121860961993087712412532901905894898456031019941375051174327891907251117572424703305018242455432222784662615064049812144263955486990,0,0,0,0,0,0,0,0,0,0,0,0,0,0,0,0,0,0,0,0,0,0,0,0,0,0,0,0,0,0,0,0,0,0,0,0,0,0,0,0,0,0,0,0,0,0,0,0,0,0,0,0,0,0,0,0,0,0,0,0,1,0,0,0,0,0,0,0,0,0,0,0,0,0,0,0,0,0,0,0,0,0,0,0,0,0,0,0,0,0,0,0,0,0,0,0,0,0,0,0,0,0,0,0,0,0,0,0,0,0,0,0,0,0,0,0,0,0,0,0,0,0,0,0,0,0,0,0,0,0,0,0,0,0,0,0,0,0,0,0,0,0,0,0,0,0,0,0,0,0,0,0,0,0,0,0,0,0,0,0,0,0,0,0,0,0,0,0,0,0,0,0,0,0,0
32313513224692184185866903392598686673442973429742578770921395733894209099834732452195195573563092256515033394486067383747223492094806912072295877494156269806959532054117425438575583548642958435668786306400833220882779676445775167796392803927336473596097376330619209481256265172493373158132420025396994787186864987286867322076728581121989566289828983396967150311892820238730339763822137671357266374582483320180421323601800846967533542083453431098587153772382261754819446518492577591675696560940377164568585546762296747618456807027,0,0,0,0,0,0,0,0,0,0,0,0,0,0,0,0,0,0,0,0,0,0,0,0,0,0,0,0,0,0,0,0,0,0,0,0,0,0,0,0,0,0,0,0,0,0,0,0,0,0,0,0,0,0,0,0,0,0,0,0,0,1,0,0,0,0,0,0,0,0,0,0,0,0,0,0,0,0,0,0,0,0,0,0,0,0,0,0,0,0,0,0,0,0,0,0,0,0,0,0,0,0,0,0,0,0,0,0,0,0,0,0,0,0,0,0,0,0,0,0,0,0,0,0,0,0,0,0,0,0,0,0,0,0,0,0,0,0,0,0,0,0,0,0,0,0,0,0,0,0,0,0,0,0,0,0,0,0,0,0,0,0,0,0,0,0,0,0,0,0,0,0,0,0,0
9742379686198681010480863842148137523156404900928310922374946395651297610205841131904301178825815302140822511070999346209728955583412044404632274029951460505011813880480397009569627149005367098331662438875867606141300674013816284987862133119910810421018510875317582279534548558696211870769035007195638507913190931329714788731124565069915617614863605002794826256908653318328491837561439977061506620886687311271381130682078944833071875549124033376900589918354548425584386488515939225750713774206897931833206791617510578378527900065,0,0,0,0,0,0,0,0,0,0,0,0,0,0,0,0,0,0,0,0,0,0,0,0,0,0,0,0,0,0,0,0,0,0,0,0,0,0,0,0,0,0,0,0,0,0,0,0,0,0,0,0,0,0,0,0,0,0,0,0,0,0,1,0,0,0,0,0,0,0,0,0,0,0,0,0,0,0,0,0,0,0,0,0,0,0,0,0,0,0,0,0,0,0,0,0,0,0,0,0,0,0,0,0,0,0,0,0,0,0,0,0,0,0,0,0,0,0,0,0,0,0,0,0,0,0,0,0,0,0,0,0,0,0,0,0,0,0,0,0,0,0,0,0,0,0,0,0,0,0,0,0,0,0,0,0,0,0,0,0,0,0,0,0,0,0,0,0,0,0,0,0,0,0,0
13601291772053115984773409362210397234904654536197112162308296485232758820119785944708165825079078537467496362992051508489462267298586378396243838075486922636177248541173735825688294697458910187892407730908867165261359423179173322320020158095682417416402120916741884447486162303913061884343190513242847436745320903898151460288874968915569625986336948357959774541967222560066050417144666368565076500953129092880065971999810740234258926306042627568067074165226700011380661144579443344471447578489201779225610455125772222538472766565,0,0,0,0,0,0,0,0,0,0,0,0,0,0,0,0,0,0,0,0,0,0,0,0,0,0,0,0,0,0,0,0,0,0,0,0,0,0,0,0,0,0,0,0,0,0,0,0,0,0,0,0,0,0,0,0,0,0,0,0,0,0,0,1,0,0,0,0,0,0,0,0,0,0,0,0,0,0,0,0,0,0,0,0,0,0,0,0,0,0,0,0,0,0,0,0,0,0,0,0,0,0,0,0,0,0,0,0,0,0,0,0,0,0,0,0,0,0,0,0,0,0,0,0,0,0,0,0,0,0,0,0,0,0,0,0,0,0,0,0,0,0,0,0,0,0,0,0,0,0,0,0,0,0,0,0,0,0,0,0,0,0,0,0,0,0,0,0,0,0,0,0,0,0,0
9624894195663261361087792183128063191975978652660688680251582701872513577743722632503093224799722427952893238374134704781604057293185842613103273878237131810023594403018627779843390100456630124151535772487727572920268322331035125774008275425002809104006996570930264432479443474493822793763110324656290321990665136250576337581277433843479934547523946774095489100567425374025935771485208234468511531852037061220185037972888779086993112727068317653104150522506685289815353457483271066805038001888216955369621874017436008693826712785,0,0,0,0,0,0,0,0,0,0,0,0,0,0,0,0,0,0,0,0,0,0,0,0,0,0,0,0,0,0,0,0,0,0,0,0,0,0,0,0,0,0,0,0,0,0,0,0,0,0,0,0,0,0,0,0,0,0,0,0,0,0,0,0,1,0,0,0,0,0,0,0,0,0,0,0,0,0,0,0,0,0,0,0,0,0,0,0,0,0,0,0,0,0,0,0,0,0,0,0,0,0,0,0,0,0,0,0,0,0,0,0,0,0,0,0,0,0,0,0,0,0,0,0,0,0,0,0,0,0,0,0,0,0,0,0,0,0,0,0,0,0,0,0,0,0,0,0,0,0,0,0,0,0,0,0,0,0,0,0,0,0,0,0,0,0,0,0,0,0,0,0,0,0,0
8064387832019883498830647433518989666305155169394408656211392791719796808816432734334188163511427788119539024488185032948824945160895865286058408788342821348108423228228143590662762101122443126648512031186658874679626919184783044140518222227120836388439051678626122354976524014619381359917448648315440236431647227670269663514693090064266827121631779025442465698983690960615109469988811706768267161026411299308231666001583329197819173633721530810219447683200703712583564207687318941553584601038782375922536493221467813935329655133,0,0,0,0,0,0,0,0,0,0,0,0,0,0,0,0,0,0,0,0,0,0,0,0,0,0,0,0,0,0,0,0,0,0,0,0,0,0,0,0,0,0,0,0,0,0,0,0,0,0,0,0,0,0,0,0,0,0,0,0,0,0,0,0,0,1,0,0,0,0,0,0,0,0,0,0,0,0,0,0,0,0,0,0,0,0,0,0,0,0,0,0,0,0,0,0,0,0,0,0,0,0,0,0,0,0,0,0,0,0,0,0,0,0,0,0,0,0,0,0,0,0,0,0,0,0,0,0,0,0,0,0,0,0,0,0,0,0,0,0,0,0,0,0,0,0,0,0,0,0,0,0,0,0,0,0,0,0,0,0,0,0,0,0,0,0,0,0,0,0,0,0,0,0,0
18214283906355706059350635268474894279073200865688679230350709402017032388837470515208581193155578528978446974579595297425217490883480858621457985710688249325198881311702183756620196957170839935903040449070422974435024920206057872579183124545448511000819268716582876099696717376816850911414322988843289709828660953249241571969734612954984510014319720049743306569759019118213952341316871407794289818129835275238251092114869297311147276484250723089260977296652021496475068614284747964610120238672563863393218490449259887816002121255,0,0,0,0,0,0,0,0,0,0,0,0,0,0,0,0,0,0,0,0,0,0,0,0,0,0,0,0,0,0,0,0,0,0,0,0,0,0,0,0,0,0,0,0,0,0,0,0,0,0,0,0,0,0,0,0,0,0,0,0,0,0,0,0,0,0,1,0,0,0,0,0,0,0,0,0,0,0,0,0,0,0,0,0,0,0,0,0,0,0,0,0,0,0,0,0,0,0,0,0,0,0,0,0,0,0,0,0,0,0,0,0,0,0,0,0,0,0,0,0,0,0,0,0,0,0,0,0,0,0,0,0,0,0,0,0,0,0,0,0,0,0,0,0,0,0,0,0,0,0,0,0,0,0,0,0,0,0,0,0,0,0,0,0,0,0,0,0,0,0,0,0,0,0,0
38134120341174206432304486982401303182908235268816871310607371623369999065889607990988366350623350066377979535008386800836877556748517812319333975761341859524657024639630619787565617364307325114917462132863476975890044701941518060539234349077737757207226880612317489410447929422630406217388412135064132790958480111714858470460635860612698461596679970011303870056676244390616176853564956953287866532854173528112980224058191014516999572708702721515339847077753826588953716639801971268230433182596748037443755125044446880951661520830,0,0,0,0,0,0,0,0,0,0,0,0,0,0,0,0,0,0,0,0,0,0,0,0,0,0,0,0,0,0,0,0,0,0,0,0,0,0,0,0,0,0,0,0,0,0,0,0,0,0,0,0,0,0,0,0,0,0,0,0,0,0,0,0,0,0,0,1,0,0,0,0,0,0,0,0,0,0,0,0,0,0,0,0,0,0,0,0,0,0,0,0,0,0,0,0,0,0,0,0,0,0,0,0,0,0,0,0,0,0,0,0,0,0,0,0,0,0,0,0,0,0,0,0,0,0,0,0,0,0,0,0,0,0,0,0,0,0,0,0,0,0,0,0,0,0,0,0,0,0,0,0,0,0,0,0,0,0,0,0,0,0,0,0,0,0,0,0,0,0,0,0,0,0,0
30968928947572765265389206511237009290820463724822840038133554386779363392071952102258026366900396473026320645371606752375997773286296300172833949946864950686077432277332339782457213325424024230440539885155355089141149291769224662910856642464734902932392606161137491380478911050409122058978344836063403486607058375090373006641908247512389117499379364098103144609644532831211084316393945931939113529543138419149226831480943327558349246809449393717634945155149015162009208037346274790541436040453282993380022991721650437936897648217,0,0,0,0,0,0,0,0,0,0,0,0,0,0,0,0,0,0,0,0,0,0,0,0,0,0,0,0,0,0,0,0,0,0,0,0,0,0,0,0,0,0,0,0,0,0,0,0,0,0,0,0,0,0,0,0,0,0,0,0,0,0,0,0,0,0,0,0,1,0,0,0,0,0,0,0,0,0,0,0,0,0,0,0,0,0,0,0,0,0,0,0,0,0,0,0,0,0,0,0,0,0,0,0,0,0,0,0,0,0,0,0,0,0,0,0,0,0,0,0,0,0,0,0,0,0,0,0,0,0,0,0,0,0,0,0,0,0,0,0,0,0,0,0,0,0,0,0,0,0,0,0,0,0,0,0,0,0,0,0,0,0,0,0,0,0,0,0,0,0,0,0,0,0,0
20929679369946782304376169137387264288058208295172099164684637231625770402228946840121440578704410151231123419748093329024173703204462122680093115847544570906148055658294724242436253440982388100461858964513635519140549876675875924776669199269634042346928575169118846582360744653108167955841740922862636276440830704413644382970637508308077197311543640497371771741848009719394942810872215505157698954339696691763212421210173810492066045415548374247165474435258785879058132004525208450799148441481801605399184114657949568017232281310,0,0,0,0,0,0,0,0,0,0,0,0,0,0,0,0,0,0,0,0,0,0,0,0,0,0,0,0,0,0,0,0,0,0,0,0,0,0,0,0,0,0,0,0,0,0,0,0,0,0,0,0,0,0,0,0,0,0,0,0,0,0,0,0,0,0,0,0,0,1,0,0,0,0,0,0,0,0,0,0,0,0,0,0,0,0,0,0,0,0,0,0,0,0,0,0,0,0,0,0,0,0,0,0,0,0,0,0,0,0,0,0,0,0,0,0,0,0,0,0,0,0,0,0,0,0,0,0,0,0,0,0,0,0,0,0,0,0,0,0,0,0,0,0,0,0,0,0,0,0,0,0,0,0,0,0,0,0,0,0,0,0,0,0,0,0,0,0,0,0,0,0,0,0,0
5292401088809923931534123331149345786950442197202151935973225147154782419354558095151943499671152354164448089177703860956501709769195367535097243937547091038094683301460807129307386181390704098599636561078411799852495632508058305739189743645306190940793812766136548512919444374393569622329151301680911525811732082511266406818725562855399641831363936257986488412907108411544249909846794536040466606007157590741721612199127032312903176353797350996904996404959592565644629271902809929219773803349776179286158147414949169139981141100,0,0,0,0,0,0,0,0,0,0,0,0,0,0,0,0,0,0,0,0,0,0,0,0,0,0,0,0,0,0,0,0,0,0,0,0,0,0,0,0,0,0,0,0,0,0,0,0,0,0,0,0,0,0,0,0,0,0,0,0,0,0,0,0,0,0,0,0,0,0,1,0,0,0,0,0,0,0,0,0,0,0,0,0,0,0,0,0,0,0,0,0,0,0,0,0,0,0,0,0,0,0,0,0,0,0,0,0,0,0,0,0,0,0,0,0,0,0,0,0,0,0,0,0,0,0,0,0,0,0,0,0,0,0,0,0,0,0,0,0,0,0,0,0,0,0,0,0,0,0,0,0,0,0,0,0,0,0,0,0,0,0,0,0,0,0,0,0,0,0,0,0,0,0,0
25439368193445994881266588472306002808264460455106424305659091138640755992625660062287258155074349922093989598842356940619074965293923927379574520358367028882151331744280703443978476500708979378575522149805058529882957785502721844586002288253821033148473384355921581448791120669295557574632878142478433957375715957038522533065638813144265220774024015563477628058227484857159321515674952482838620996200452005197111941611601738945195815775228235969719645511900806428667169393753393303791383435715586323010690189949163552103112632161,0,0,0,0,0,0,0,0,0,0,0,0,0,0,0,0,0,0,0,0,0,0,0,0,0,0,0,0,0,0,0,0,0,0,0,0,0,0,0,0,0,0,0,0,0,0,0,0,0,0,0,0,0,0,0,0,0,0,0,0,0,0,0,0,0,0,0,0,0,0,0,1,0,0,0,0,0,0,0,0,0,0,0,0,0,0,0,0,0,0,0,0,0,0,0,0,0,0,0,0,0,0,0,0,0,0,0,0,0,0,0,0,0,0,0,0,0,0,0,0,0,0,0,0,0,0,0,0,0,0,0,0,0,0,0,0,0,0,0,0,0,0,0,0,0,0,0,0,0,0,0,0,0,0,0,0,0,0,0,0,0,0,0,0,0,0,0,0,0,0,0,0,0,0,0
34952926222773105114533797788582031992806414353334754769797389483944497090892700838418251192711608283062085706934542174035365758003523853344212532358784270391706970583897159711001078835519129981117284881621088935138530686343574225845048996005245289933599360018827755792294613456632247080452494009510194703597946236424839806262892042330050820368644652768541675379155963355030523992096738160424666544165151521989000008851891680795396912629384121112991237194929434247104230461196467821624213439542923292212977917023243752889132116437,0,0,0,0,0,0,0,0,0,0,0,0,0,0,0,0,0,0,0,0,0,0,0,0,0,0,0,0,0,0,0,0,0,0,0,0,0,0,0,0,0,0,0,0,0,0,0,0,0,0,0,0,0,0,0,0,0,0,0,0,0,0,0,0,0,0,0,0,0,0,0,0,1,0,0,0,0,0,0,0,0,0,0,0,0,0,0,0,0,0,0,0,0,0,0,0,0,0,0,0,0,0,0,0,0,0,0,0,0,0,0,0,0,0,0,0,0,0,0,0,0,0,0,0,0,0,0,0,0,0,0,0,0,0,0,0,0,0,0,0,0,0,0,0,0,0,0,0,0,0,0,0,0,0,0,0,0,0,0,0,0,0,0,0,0,0,0,0,0,0,0,0,0,0,0
40048912173196711032705559423410952956159798504239771121408783295964068076743783293503449105563155064758560501550765528540521315384818717038070514320517200962638722233032429410509388821724852884588162213576938743284899774849613267231218005256682222691867904593125634151239907612480971400828061762109239740277877211055286835331269019421622474172871472569181293346115016263945218138946962705973816698481289724748193773274559578283938888044148883827623743329458720021125887334533442413359569292250617408651856223103979730572831790352,0,0,0,0,0,0,0,0,0,0,0,0,0,0,0,0,0,0,0,0,0,0,0,0,0,0,0,0,0,0,0,0,0,0,0,0,0,0,0,0,0,0,0,0,0,0,0,0,0,0,0,0,0,0,0,0,0,0,0,0,0,0,0,0,0,0,0,0,0,0,0,0,0,1,0,0,0,0,0,0,0,0,0,0,0,0,0,0,0,0,0,0,0,0,0,0,0,0,0,0,0,0,0,0,0,0,0,0,0,0,0,0,0,0,0,0,0,0,0,0,0,0,0,0,0,0,0,0,0,0,0,0,0,0,0,0,0,0,0,0,0,0,0,0,0,0,0,0,0,0,0,0,0,0,0,0,0,0,0,0,0,0,0,0,0,0,0,0,0,0,0,0,0,0,0
3451687958759426787611961151623257011702000579945622347863113595454073215202509240068871843712417834237320216412431121926196231869324876914032829130913696085152413838094447390240517800153988544777485267559503985176677175226313811225628332059074420594663599620529411835932482994739594593069208723338831836040340493726884487379659694696544514673182611225640808459826441288484972673258474785667568247456396887435506892758740109461772662095100726399487543699578814865225968366837676691000341067067170648013212970566952224808612345374,0,0,0,0,0,0,0,0,0,0,0,0,0,0,0,0,0,0,0,0,0,0,0,0,0,0,0,0,0,0,0,0,0,0,0,0,0,0,0,0,0,0,0,0,0,0,0,0,0,0,0,0,0,0,0,0,0,0,0,0,0,0,0,0,0,0,0,0,0,0,0,0,0,0,1,0,0,0,0,0,0,0,0,0,0,0,0,0,0,0,0,0,0,0,0,0,0,0,0,0,0,0,0,0,0,0,0,0,0,0,0,0,0,0,0,0,0,0,0,0,0,0,0,0,0,0,0,0,0,0,0,0,0,0,0,0,0,0,0,0,0,0,0,0,0,0,0,0,0,0,0,0,0,0,0,0,0,0,0,0,0,0,0,0,0,0,0,0,0,0,0,0,0,0,0
42775109417281205936139556732353173765330872675282940351225976866572142135805336669785540645063283285481751231665937514646009704128616269958506162528591030784378354350767939640002974707328654908089801771473819237943056408163546787797053339432338225251262659766831541775596238077872324179205307383930819900182496914454508841185452726072789285816726122736604633819270393935296153814238284436196249944942719475902399972715667303892603006143057424428978454892769515173382296490163396967381570503335539493456277405591588764001017013668,0,0,0,0,0,0,0,0,0,0,0,0,0,0,0,0,0,0,0,0,0,0,0,0,0,0,0,0,0,0,0,0,0,0,0,0,0,0,0,0,0,0,0,0,0,0,0,0,0,0,0,0,0,0,0,0,0,0,0,0,0,0,0,0,0,0,0,0,0,0,0,0,0,0,0,1,0,0,0,0,0,0,0,0,0,0,0,0,0,0,0,0,0,0,0,0,0,0,0,0,0,0,0,0,0,0,0,0,0,0,0,0,0,0,0,0,0,0,0,0,0,0,0,0,0,0,0,0,0,0,0,0,0,0,0,0,0,0,0,0,0,0,0,0,0,0,0,0,0,0,0,0,0,0,0,0,0,0,0,0,0,0,0,0,0,0,0,0,0,0,0,0,0,0,0
14323558165032198060660750355190215238033635724227771039983133607297492170578535571756982763393148866226664998756419982229936933136550370831895587506865913802412039422734722971736211452864088525971986118032277952273655139991594046852346466897951213563551593341221801691423088730097315429383262771159795175935072178954099458926878882908724692454417969135189754408972522200577926669635440495582637117442790528812887989734738980670025115613405289295715079268976796084359228930163999392983158526321876554259705206588566574779058720406,0,0,0,0,0,0,0,0,0,0,0,0,0,0,0,0,0,0,0,0,0,0,0,0,0,0,0,0,0,0,0,0,0,0,0,0,0,0,0,0,0,0,0,0,0,0,0,0,0,0,0,0,0,0,0,0,0,0,0,0,0,0,0,0,0,0,0,0,0,0,0,0,0,0,0,0,1,0,0,0,0,0,0,0,0,0,0,0,0,0,0,0,0,0,0,0,0,0,0,0,0,0,0,0,0,0,0,0,0,0,0,0,0,0,0,0,0,0,0,0,0,0,0,0,0,0,0,0,0,0,0,0,0,0,0,0,0,0,0,0,0,0,0,0,0,0,0,0,0,0,0,0,0,0,0,0,0,0,0,0,0,0,0,0,0,0,0,0,0,0,0,0,0,0,0
27289220314225608229652836615261967867311544439064155100797079081032284350878606930900822188061246167617158153793597360186197057827162699675484016611708242466552875028122673125371865282215679859220951935090582191398608108583725244270797989462562826513216588652711603265094149920130544508643927323771503309824649545406680584284177930402902895222293106023482768557622552788703011551299518789822644844013842635578384094425105925239958269207077764821109358008186335297767351227534919716306059975648184696526359608691235775102026849813,0,0,0,0,0,0,0,0,0,0,0,0,0,0,0,0,0,0,0,0,0,0,0,0,0,0,0,0,0,0,0,0,0,0,0,0,0,0,0,0,0,0,0,0,0,0,0,0,0,0,0,0,0,0,0,0,0,0,0,0,0,0,0,0,0,0,0,0,0,0,0,0,0,0,0,0,0,1,0,0,0,0,0,0,0,0,0,0,0,0,0,0,0,0,0,0,0,0,0,0,0,0,0,0,0,0,0,0,0,0,0,0,0,0,0,0,0,0,0,0,0,0,0,0,0,0,0,0,0,0,0,0,0,0,0,0,0,0,0,0,0,0,0,0,0,0,0,0,0,0,0,0,0,0,0,0,0,0,0,0,0,0,0,0,0,0,0,0,0,0,0,0,0,0,0
41831452165208494404455583041636001499139499908022386509646114925751839140410209875156692825033492076018102418685249902210620917158062224886629930200465856389910261713932528433395888984243458586709988475789154364322701255561482213897978496975131697101639333969082322101189608582371847805681277958208078365238394996602262343830515984875356026718080110942278293757656728739292731611988518236810492213059613338825521081592636674247051431354440037456747372277582295108273211513693148901914693528085383901944730222453410261887953373890,0,0,0,0,0,0,0,0,0,0,0,0,0,0,0,0,0,0,0,0,0,0,0,0,0,0,0,0,0,0,0,0,0,0,0,0,0,0,0,0,0,0,0,0,0,0,0,0,0,0,0,0,0,0,0,0,0,0,0,0,0,0,0,0,0,0,0,0,0,0,0,0,0,0,0,0,0,0,1,0,0,0,0,0,0,0,0,0,0,0,0,0,0,0,0,0,0,0,0,0,0,0,0,0,0,0,0,0,0,0,0,0,0,0,0,0,0,0,0,0,0,0,0,0,0,0,0,0,0,0,0,0,0,0,0,0,0,0,0,0,0,0,0,0,0,0,0,0,0,0,0,0,0,0,0,0,0,0,0,0,0,0,0,0,0,0,0,0,0,0,0,0,0,0,0
25350759134076046398734190723619474912072049568384526042349867607919865409539161022060267143431887581355293448855933605140342513580792496321509146892938381396322363436524493959642051506540847646331507994175876004326944038744615322689319536962715082784877536155242034993044509356696924702476577980559111381234325059300719972890258799508928586730674045188838660429816206973156208297388043930518693563048534447594989575959540709512376639265579921450729223201041833787308896824969775257104718117586355641802091835016537483246957979042,0,0,0,0,0,0,0,0,0,0,0,0,0,0,0,0,0,0,0,0,0,0,0,0,0,0,0,0,0,0,0,0,0,0,0,0,0,0,0,0,0,0,0,0,0,0,0,0,0,0,0,0,0,0,0,0,0,0,0,0,0,0,0,0,0,0,0,0,0,0,0,0,0,0,0,0,0,0,0,1,0,0,0,0,0,0,0,0,0,0,0,0,0,0,0,0,0,0,0,0,0,0,0,0,0,0,0,0,0,0,0,0,0,0,0,0,0,0,0,0,0,0,0,0,0,0,0,0,0,0,0,0,0,0,0,0,0,0,0,0,0,0,0,0,0,0,0,0,0,0,0,0,0,0,0,0,0,0,0,0,0,0,0,0,0,0,0,0,0,0,0,0,0,0,0
41130497375955252409009123151948057529283680654881957333309935729821960286181808404786974435594879558728736165572262302335188356745437096912280613629580564266148287088735383456961879191159024201172005556251411433269834804658519214720803602767026148047331841634128605941082880845857805959953028409962417285420329369231939640928745168103251346279021836407334869879856162238058771276365655344975893364821660054977077442276694772565412789728563788912147903585989010560962807473304373739393480167707601024986556375537099215165375877302,0,0,0,0,0,0,0,0,0,0,0,0,0,0,0,0,0,0,0,0,0,0,0,0,0,0,0,0,0,0,0,0,0,0,0,0,0,0,0,0,0,0,0,0,0,0,0,0,0,0,0,0,0,0,0,0,0,0,0,0,0,0,0,0,0,0,0,0,0,0,0,0,0,0,0,0,0,0,0,0,1,0,0,0,0,0,0,0,0,0,0,0,0,0,0,0,0,0,0,0,0,0,0,0,0,0,0,0,0,0,0,0,0,0,0,0,0,0,0,0,0,0,0,0,0,0,0,0,0,0,0,0,0,0,0,0,0,0,0,0,0,0,0,0,0,0,0,0,0,0,0,0,0,0,0,0,0,0,0,0,0,0,0,0,0,0,0,0,0,0,0,0,0,0,0
18950198758750689808711588452155443250736925621894094852735936833710129517649170554009017938438999174959120950815373084212993549256343593098525474193454522334321452957512769233908903862409191814694546621001616663944652793718363815372122097817930835704057390422666922968395584574452197843009314817500414125481347307706508785943532437617017374680556665625255240792159276717742113291138329582614781229846376166373927416635437603564997108773234593567974288656293866343317651432089421515147546944725802224438759761145849888664024768983,0,0,0,0,0,0,0,0,0,0,0,0,0,0,0,0,0,0,0,0,0,0,0,0,0,0,0,0,0,0,0,0,0,0,0,0,0,0,0,0,0,0,0,0,0,0,0,0,0,0,0,0,0,0,0,0,0,0,0,0,0,0,0,0,0,0,0,0,0,0,0,0,0,0,0,0,0,0,0,0,0,1,0,0,0,0,0,0,0,0,0,0,0,0,0,0,0,0,0,0,0,0,0,0,0,0,0,0,0,0,0,0,0,0,0,0,0,0,0,0,0,0,0,0,0,0,0,0,0,0,0,0,0,0,0,0,0,0,0,0,0,0,0,0,0,0,0,0,0,0,0,0,0,0,0,0,0,0,0,0,0,0,0,0,0,0,0,0,0,0,0,0,0,0,0
3130538750636829631106969920140806828033005492376580255690980941663175325296211170615865689628330105308856003669759643104010020989048443804407804742236049452447190166137490528105357076011710973666543720009680214678432895608317419017114575664176009447265097499954628802325195394601556745613030565889463716548730780006423029850191397657565847963753642388540032640623703049760740692781184406278248236068453769578640048066998688749846927817852608495110694418817521112244928982862728912203817401648155320458573937004779239111019773521,0,0,0,0,0,0,0,0,0,0,0,0,0,0,0,0,0,0,0,0,0,0,0,0,0,0,0,0,0,0,0,0,0,0,0,0,0,0,0,0,0,0,0,0,0,0,0,0,0,0,0,0,0,0,0,0,0,0,0,0,0,0,0,0,0,0,0,0,0,0,0,0,0,0,0,0,0,0,0,0,0,0,1,0,0,0,0,0,0,0,0,0,0,0,0,0,0,0,0,0,0,0,0,0,0,0,0,0,0,0,0,0,0,0,0,0,0,0,0,0,0,0,0,0,0,0,0,0,0,0,0,0,0,0,0,0,0,0,0,0,0,0,0,0,0,0,0,0,0,0,0,0,0,0,0,0,0,0,0,0,0,0,0,0,0,0,0,0,0,0,0,0,0,0,0
20419867961037245288616342800565745565728338354583932944329349281590368536159440147114649087150697822350666025432133735670320354456116489236801920623250522000495804011786113099784192525054586512912008948055540403858760030578860919637339927568205376444360383701483232897464390931270442203222902407415863052257229796873323026341082889889998208799381263149046496684633167203166116123713704886473111053976644946632520681011997377834329271618204100751789494974941576739416482190193816516655943577328116899111717253465229732778600719935,0,0,0,0,0,0,0,0,0,0,0,0,0,0,0,0,0,0,0,0,0,0,0,0,0,0,0,0,0,0,0,0,0,0,0,0,0,0,0,0,0,0,0,0,0,0,0,0,0,0,0,0,0,0,0,0,0,0,0,0,0,0,0,0,0,0,0,0,0,0,0,0,0,0,0,0,0,0,0,0,0,0,0,1,0,0,0,0,0,0,0,0,0,0,0,0,0,0,0,0,0,0,0,0,0,0,0,0,0,0,0,0,0,0,0,0,0,0,0,0,0,0,0,0,0,0,0,0,0,0,0,0,0,0,0,0,0,0,0,0,0,0,0,0,0,0,0,0,0,0,0,0,0,0,0,0,0,0,0,0,0,0,0,0,0,0,0,0,0,0,0,0,0,0,0
19856246429049962698997655154560715685747852226657284134526399569764729124456283541168610138535260082552943344688278369289592899105429508092299151039972771043613636206957694929876020542757046253765661879940092124891845724319227479336852011105645322744280598650292162231539661259524944988003322717892351892158805630694812201727231521769615629014611336460975897203347307239314678608158239698265003745739524460125772305901655455454936671542882391932619058667125262817710397713671361874363081479827331443182337915532666795139322143768,0,0,0,0,0,0,0,0,0,0,0,0,0,0,0,0,0,0,0,0,0,0,0,0,0,0,0,0,0,0,0,0,0,0,0,0,0,0,0,0,0,0,0,0,0,0,0,0,0,0,0,0,0,0,0,0,0,0,0,0,0,0,0,0,0,0,0,0,0,0,0,0,0,0,0,0,0,0,0,0,0,0,0,0,1,0,0,0,0,0,0,0,0,0,0,0,0,0,0,0,0,0,0,0,0,0,0,0,0,0,0,0,0,0,0,0,0,0,0,0,0,0,0,0,0,0,0,0,0,0,0,0,0,0,0,0,0,0,0,0,0,0,0,0,0,0,0,0,0,0,0,0,0,0,0,0,0,0,0,0,0,0,0,0,0,0,0,0,0,0,0,0,0,0,0
19975909042457938138109482947098589186112978250619141916675357517178710755435898549534070559809087611189460130559897644402896625122041216075533767880311719526850696019649939692409874002966105938436736103273544765055888445237965770069872652076320453265845260571441903211340160537222849162673397202881575503927901316684392450125114803365813936601484806688924568993864613518257766439516649001090069662387732848463981658543539713177990871664291435182552912626589093530482133293615036410693578994538478373998702406714441138462388598804,0,0,0,0,0,0,0,0,0,0,0,0,0,0,0,0,0,0,0,0,0,0,0,0,0,0,0,0,0,0,0,0,0,0,0,0,0,0,0,0,0,0,0,0,0,0,0,0,0,0,0,0,0,0,0,0,0,0,0,0,0,0,0,0,0,0,0,0,0,0,0,0,0,0,0,0,0,0,0,0,0,0,0,0,0,1,0,0,0,0,0,0,0,0,0,0,0,0,0,0,0,0,0,0,0,0,0,0,0,0,0,0,0,0,0,0,0,0,0,0,0,0,0,0,0,0,0,0,0,0,0,0,0,0,0,0,0,0,0,0,0,0,0,0,0,0,0,0,0,0,0,0,0,0,0,0,0,0,0,0,0,0,0,0,0,0,0,0,0,0,0,0,0,0,0
16734304521261696337380174839885114100069785277729698487776382522823470827862691966509202953521820299280550261183172957331660806396697841049399780944667201404677065838933408909769564472612344977572991737928261557396838100141723036089047063029617017867256683750513894961246186055880340588261592029242730684572370788368709810320697571959448321671602362515432524886709705709620737703310294599454039675425358019095074936994044551052536198519831009178949516818972240210094088257168565828815739338125923880506561669788879346034724413745,0,0,0,0,0,0,0,0,0,0,0,0,0,0,0,0,0,0,0,0,0,0,0,0,0,0,0,0,0,0,0,0,0,0,0,0,0,0,0,0,0,0,0,0,0,0,0,0,0,0,0,0,0,0,0,0,0,0,0,0,0,0,0,0,0,0,0,0,0,0,0,0,0,0,0,0,0,0,0,0,0,0,0,0,0,0,1,0,0,0,0,0,0,0,0,0,0,0,0,0,0,0,0,0,0,0,0,0,0,0,0,0,0,0,0,0,0,0,0,0,0,0,0,0,0,0,0,0,0,0,0,0,0,0,0,0,0,0,0,0,0,0,0,0,0,0,0,0,0,0,0,0,0,0,0,0,0,0,0,0,0,0,0,0,0,0,0,0,0,0,0,0,0,0,0
2844581723470183481449782847225064563983872969281904719114139600310201890589785780263876037964778248885564754335165570101953661982504950497129351142893024772955456973658297006477774538318042570677536396228335781986972973067116075882984629100325002219134498067681925778722020962844606500967863801997115908463524624688674273060445598316886402664794961029388024053819764004949864243223072633668981625082180176057922611860063126366309517924923529271775191365425843036352645312321233289982136063668270262451756249936840362400871836632,0,0,0,0,0,0,0,0,0,0,0,0,0,0,0,0,0,0,0,0,0,0,0,0,0,0,0,0,0,0,0,0,0,0,0,0,0,0,0,0,0,0,0,0,0,0,0,0,0,0,0,0,0,0,0,0,0,0,0,0,0,0,0,0,0,0,0,0,0,0,0,0,0,0,0,0,0,0,0,0,0,0,0,0,0,0,0,1,0,0,0,0,0,0,0,0,0,0,0,0,0,0,0,0,0,0,0,0,0,0,0,0,0,0,0,0,0,0,0,0,0,0,0,0,0,0,0,0,0,0,0,0,0,0,0,0,0,0,0,0,0,0,0,0,0,0,0,0,0,0,0,0,0,0,0,0,0,0,0,0,0,0,0,0,0,0,0,0,0,0,0,0,0,0,0
18769243033878153479589129047233780159325985032872232240239102118366484096351836150523298574137144469470389946572557604605984561034398608729284625629056274880964924142781893423071995582444276713856832895195751424703559601189266532234337147558708589054275809768603290102365043780654281882032403572349495285745853871753436733845856699240033633919335217870132590247699043977544671340200189270976512139530138346266224632038049876086558091355518823236965353329171267683017217176721155928135717637258095641479614727145186726009491005135,0,0,0,0,0,0,0,0,0,0,0,0,0,0,0,0,0,0,0,0,0,0,0,0,0,0,0,0,0,0,0,0,0,0,0,0,0,0,0,0,0,0,0,0,0,0,0,0,0,0,0,0,0,0,0,0,0,0,0,0,0,0,0,0,0,0,0,0,0,0,0,0,0,0,0,0,0,0,0,0,0,0,0,0,0,0,0,0,1,0,0,0,0,0,0,0,0,0,0,0,0,0,0,0,0,0,0,0,0,0,0,0,0,0,0,0,0,0,0,0,0,0,0,0,0,0,0,0,0,0,0,0,0,0,0,0,0,0,0,0,0,0,0,0,0,0,0,0,0,0,0,0,0,0,0,0,0,0,0,0,0,0,0,0,0,0,0,0,0,0,0,0,0,0,0
44712933421480958011055870392116536920483962647593541407142081315085465515179295390347141400696576113562598196349959245285004548526336770926763756945746686527987451428456392716104769429401989824240529415769953450947789882851224173124278544313748027723214748818002724926764168590295891127957538540252092576045669285818171218017910558488780341970974787423697069746903781441275049052942544515980350326359391534426699694360156996899882350001994154740649841753611063080867767663566077054649755168047201269936211301942015591704075854116,0,0,0,0,0,0,0,0,0,0,0,0,0,0,0,0,0,0,0,0,0,0,0,0,0,0,0,0,0,0,0,0,0,0,0,0,0,0,0,0,0,0,0,0,0,0,0,0,0,0,0,0,0,0,0,0,0,0,0,0,0,0,0,0,0,0,0,0,0,0,0,0,0,0,0,0,0,0,0,0,0,0,0,0,0,0,0,0,0,1,0,0,0,0,0,0,0,0,0,0,0,0,0,0,0,0,0,0,0,0,0,0,0,0,0,0,0,0,0,0,0,0,0,0,0,0,0,0,0,0,0,0,0,0,0,0,0,0,0,0,0,0,0,0,0,0,0,0,0,0,0,0,0,0,0,0,0,0,0,0,0,0,0,0,0,0,0,0,0,0,0,0,0,0,0
5014055596036496871853506089259603760989378807029670040127673093671888975677809107712393747512313462846474508493874563905709080073671522212053152761150488517258993292039758886037537124470197509803739519935799541677776277703517568023065809926877927520033962809061417927258800171986736178590177748354439963122323962227132259486786923170729028414747264407265605998836309915051089549264467746409208165932670394860383805015933410458658944448741300111390504013626710841472010394668126198786475723373803338988169403453488118186535689441,0,0,0,0,0,0,0,0,0,0,0,0,0,0,0,0,0,0,0,0,0,0,0,0,0,0,0,0,0,0,0,0,0,0,0,0,0,0,0,0,0,0,0,0,0,0,0,0,0,0,0,0,0,0,0,0,0,0,0,0,0,0,0,0,0,0,0,0,0,0,0,0,0,0,0,0,0,0,0,0,0,0,0,0,0,0,0,0,0,0,1,0,0,0,0,0,0,0,0,0,0,0,0,0,0,0,0,0,0,0,0,0,0,0,0,0,0,0,0,0,0,0,0,0,0,0,0,0,0,0,0,0,0,0,0,0,0,0,0,0,0,0,0,0,0,0,0,0,0,0,0,0,0,0,0,0,0,0,0,0,0,0,0,0,0,0,0,0,0,0,0,0,0,0,0
15912357839728194140187441836342647768469875121660355635381146618285177788545250476242350552102249173430581763980360245706932940445798924008052829750027881834438927835169774892386800406707241036219405289967059300947683496628958904712600724962316346422546070647760580372830278874349418693034699564132739863308637924603428804968677021359842208512032991744592793559152095789778498609873253219099848759054799930438512597834363926830267329690462213274394909664260726944779476282152018783646793943056381580798290723541054041241261893999,0,0,0,0,0,0,0,0,0,0,0,0,0,0,0,0,0,0,0,0,0,0,0,0,0,0,0,0,0,0,0,0,0,0,0,0,0,0,0,0,0,0,0,0,0,0,0,0,0,0,0,0,0,0,0,0,0,0,0,0,0,0,0,0,0,0,0,0,0,0,0,0,0,0,0,0,0,0,0,0,0,0,0,0,0,0,0,0,0,0,0,1,0,0,0,0,0,0,0,0,0,0,0,0,0,0,0,0,0,0,0,0,0,0,0,0,0,0,0,0,0,0,0,0,0,0,0,0,0,0,0,0,0,0,0,0,0,0,0,0,0,0,0,0,0,0,0,0,0,0,0,0,0,0,0,0,0,0,0,0,0,0,0,0,0,0,0,0,0,0,0,0,0,0,0
29796096558835877984987652321830921532171032350787915536098410180410774561783764610553394120007822340276053346553231080258214781098602716920252794620084757517030840262213728301387672608847849127881601671191510743293974070698185523738231314459285606038097755883003070852884969891326729944063027274269062026936475013759468949715074568491700028212414532187651116933628345465428510515084510793795593522761447310064119737272952471530911935325922244207905482994304383514521247763485712968589857319798189881612445046449104604066977997809,0,0,0,0,0,0,0,0,0,0,0,0,0,0,0,0,0,0,0,0,0,0,0,0,0,0,0,0,0,0,0,0,0,0,0,0,0,0,0,0,0,0,0,0,0,0,0,0,0,0,0,0,0,0,0,0,0,0,0,0,0,0,0,0,0,0,0,0,0,0,0,0,0,0,0,0,0,0,0,0,0,0,0,0,0,0,0,0,0,0,0,0,1,0,0,0,0,0,0,0,0,0,0,0,0,0,0,0,0,0,0,0,0,0,0,0,0,0,0,0,0,0,0,0,0,0,0,0,0,0,0,0,0,0,0,0,0,0,0,0,0,0,0,0,0,0,0,0,0,0,0,0,0,0,0,0,0,0,0,0,0,0,0,0,0,0,0,0,0,0,0,0,0,0,0
35814288040290747591843097246981046070462178213013006716126475180902307713246982641889621571476040778833923028576513080083643238149659214278512460550621274469156815279354362299112525788593272147139872055820763065482223101949774452693340154277111889542850773275560266123194683671615589031308597047112318219674686375200084818216282647018938931496083143974944021463241346947588502225872014472845191173489027333475117589212064293294072424097722053544023506940820001712992558402689347178776252164273059293826215099372011875417604093988,0,0,0,0,0,0,0,0,0,0,0,0,0,0,0,0,0,0,0,0,0,0,0,0,0,0,0,0,0,0,0,0,0,0,0,0,0,0,0,0,0,0,0,0,0,0,0,0,0,0,0,0,0,0,0,0,0,0,0,0,0,0,0,0,0,0,0,0,0,0,0,0,0,0,0,0,0,0,0,0,0,0,0,0,0,0,0,0,0,0,0,0,0,1,0,0,0,0,0,0,0,0,0,0,0,0,0,0,0,0,0,0,0,0,0,0,0,0,0,0,0,0,0,0,0,0,0,0,0,0,0,0,0,0,0,0,0,0,0,0,0,0,0,0,0,0,0,0,0,0,0,0,0,0,0,0,0,0,0,0,0,0,0,0,0,0,0,0,0,0,0,0,0,0,0
25100772327994649440219542469113693243129393977247996974485275449577663601638859876704335759894708720456244982547305590456596747283563891052682429928280635334696435640559144164400094785163108211064932903533241427242052027801791806822018708318775243607073380402733986071591233107462427852803558960667524308847031088310681331122568026209654654591730525324772658453029611208770442075645591673902955565961210991481005460951450840880877984880183235700065667227212421865152695772703683557775468465663980661537915258540038756778458091234,0,0,0,0,0,0,0,0,0,0,0,0,0,0,0,0,0,0,0,0,0,0,0,0,0,0,0,0,0,0,0,0,0,0,0,0,0,0,0,0,0,0,0,0,0,0,0,0,0,0,0,0,0,0,0,0,0,0,0,0,0,0,0,0,0,0,0,0,0,0,0,0,0,0,0,0,0,0,0,0,0,0,0,0,0,0,0,0,0,0,0,0,0,0,1,0,0,0,0,0,0,0,0,0,0,0,0,0,0,0,0,0,0,0,0,0,0,0,0,0,0,0,0,0,0,0,0,0,0,0,0,0,0,0,0,0,0,0,0,0,0,0,0,0,0,0,0,0,0,0,0,0,0,0,0,0,0,0,0,0,0,0,0,0,0,0,0,0,0,0,0,0,0,0,0
39515652553829573964557055065226591791099997084226141591576883801101270476236550495059238684473134843082897797921411909017377419866520586777392358442392394960247959141861628103151064527232062850385304324709409810566302140128542959507405008046069512162307047377814680656410045367211332833412627627178263489442053549110730275134458630536594751610058720016492146923521819447173977809606316848352592320236343703238504457486763201117110929722215854345256866444152533455563385840806167876372714517883102000394294097564608792927872403864,0,0,0,0,0,0,0,0,0,0,0,0,0,0,0,0,0,0,0,0,0,0,0,0,0,0,0,0,0,0,0,0,0,0,0,0,0,0,0,0,0,0,0,0,0,0,0,0,0,0,0,0,0,0,0,0,0,0,0,0,0,0,0,0,0,0,0,0,0,0,0,0,0,0,0,0,0,0,0,0,0,0,0,0,0,0,0,0,0,0,0,0,0,0,0,1,0,0,0,0,0,0,0,0,0,0,0,0,0,0,0,0,0,0,0,0,0,0,0,0,0,0,0,0,0,0,0,0,0,0,0,0,0,0,0,0,0,0,0,0,0,0,0,0,0,0,0,0,0,0,0,0,0,0,0,0,0,0,0,0,0,0,0,0,0,0,0,0,0,0,0,0,0,0,0
24535044110521084121940255719065664331373595657707555944004537662069578535131550912279746712224117572135607657612594352810303272138943858560194439702137298605676395945160350840712157027088591600942096150296253833082787470424523155950382029946642850468568987714978257122621947989665943314148611971172479008575878616622638226684191270284569731993641130962217222706447962254255962342437221134441966240034652178486365212139189339267897293969779704219818893483887257865758184379371110129599999630454305490890137848349380303742562033705,0,0,0,0,0,0,0,0,0,0,0,0,0,0,0,0,0,0,0,0,0,0,0,0,0,0,0,0,0,0,0,0,0,0,0,0,0,0,0,0,0,0,0,0,0,0,0,0,0,0,0,0,0,0,0,0,0,0,0,0,0,0,0,0,0,0,0,0,0,0,0,0,0,0,0,0,0,0,0,0,0,0,0,0,0,0,0,0,0,0,0,0,0,0,0,0,1,0,0,0,0,0,0,0,0,0,0,0,0,0,0,0,0,0,0,0,0,0,0,0,0,0,0,0,0,0,0,0,0,0,0,0,0,0,0,0,0,0,0,0,0,0,0,0,0,0,0,0,0,0,0,0,0,0,0,0,0,0,0,0,0,0,0,0,0,0,0,0,0,0,0,0,0,0,0
1816108315304226905575917897584827138950609480719547180400465316238427842205468691184345154655556107065263579405346626511635525916790676425800597102427731506937192456253593557464276016015077852327973418749004591490210459045634080125340184758388229716061772718142362309433306218608012099294148401373005422134695242004399304757282383707364292416911625726903418201733090165407997726746746346227930394212035122565953418863371273651852307290949987921742660128497764033595831960179525449203096948599753072632207645084505411944935854390,0,0,0,0,0,0,0,0,0,0,0,0,0,0,0,0,0,0,0,0,0,0,0,0,0,0,0,0,0,0,0,0,0,0,0,0,0,0,0,0,0,0,0,0,0,0,0,0,0,0,0,0,0,0,0,0,0,0,0,0,0,0,0,0,0,0,0,0,0,0,0,0,0,0,0,0,0,0,0,0,0,0,0,0,0,0,0,0,0,0,0,0,0,0,0,0,0,1,0,0,0,0,0,0,0,0,0,0,0,0,0,0,0,0,0,0,0,0,0,0,0,0,0,0,0,0,0,0,0,0,0,0,0,0,0,0,0,0,0,0,0,0,0,0,0,0,0,0,0,0,0,0,0,0,0,0,0,0,0,0,0,0,0,0,0,0,0,0,0,0,0,0,0,0,0
39533119618801564126214326446095981712898633163096321403076503373345907168314139906382994295206640350298358168880433936794462588551504881293330694458930346518443349700806997723409767665171998549836281793004159919219294308816868474396148279878931677422586669100907774704603705870370366193451019184360345714106027311772413088454635096200256498769121123487827123181353321349850175150496271005119995103820246643644376808138599622821014074340337408576528022020575069803985299562768671222318846803301685920855496354756665531715065146828,0,0,0,0,0,0,0,0,0,0,0,0,0,0,0,0,0,0,0,0,0,0,0,0,0,0,0,0,0,0,0,0,0,0,0,0,0,0,0,0,0,0,0,0,0,0,0,0,0,0,0,0,0,0,0,0,0,0,0,0,0,0,0,0,0,0,0,0,0,0,0,0,0,0,0,0,0,0,0,0,0,0,0,0,0,0,0,0,0,0,0,0,0,0,0,0,0,0,1,0,0,0,0,0,0,0,0,0,0,0,0,0,0,0,0,0,0,0,0,0,0,0,0,0,0,0,0,0,0,0,0,0,0,0,0,0,0,0,0,0,0,0,0,0,0,0,0,0,0,0,0,0,0,0,0,0,0,0,0,0,0,0,0,0,0,0,0,0,0,0,0,0,0,0,0
1455415858473113306552094862403349697088438968340671121418109192463507911142966352920698843511602923703044421895431956194376284378348420748804814312576058224609571552630716077171165012922581594168484560628834578297318481069133908112646892035685884565023120363564019958933785781075189108439564109193308207431329101227669135943034361621006330547929806318754487738631587360413315142221708555792624416231820224432791949686183881179725606784251460401490009530218483855112285276196758129066530440594505173506789508052814977075727080758,0,0,0,0,0,0,0,0,0,0,0,0,0,0,0,0,0,0,0,0,0,0,0,0,0,0,0,0,0,0,0,0,0,0,0,0,0,0,0,0,0,0,0,0,0,0,0,0,0,0,0,0,0,0,0,0,0,0,0,0,0,0,0,0,0,0,0,0,0,0,0,0,0,0,0,0,0,0,0,0,0,0,0,0,0,0,0,0,0,0,0,0,0,0,0,0,0,0,0,1,0,0,0,0,0,0,0,0,0,0,0,0,0,0,0,0,0,0,0,0,0,0,0,0,0,0,0,0,0,0,0,0,0,0,0,0,0,0,0,0,0,0,0,0,0,0,0,0,0,0,0,0,0,0,0,0,0,0,0,0,0,0,0,0,0,0,0,0,0,0,0,0,0,0,0
35686307883534594701705765114300786828340372019715654376678108163621109432397251742982308489028730869277479614088016011687684926935030682872916629112688842911939455386714104687753658742528843060049693308704402380814773298328799888742591802034435414820200409408540799843555825555393084429681959746649281970244279996028846663585792429279361921250360406388782400648997438381856840153323662410159143859622222310000700439923186366272937057920095392170790298124368467985486842363952219989027050391545393663884444929044378765423346644250,0,0,0,0,0,0,0,0,0,0,0,0,0,0,0,0,0,0,0,0,0,0,0,0,0,0,0,0,0,0,0,0,0,0,0,0,0,0,0,0,0,0,0,0,0,0,0,0,0,0,0,0,0,0,0,0,0,0,0,0,0,0,0,0,0,0,0,0,0,0,0,0,0,0,0,0,0,0,0,0,0,0,0,0,0,0,0,0,0,0,0,0,0,0,0,0,0,0,0,0,1,0,0,0,0,0,0,0,0,0,0,0,0,0,0,0,0,0,0,0,0,0,0,0,0,0,0,0,0,0,0,0,0,0,0,0,0,0,0,0,0,0,0,0,0,0,0,0,0,0,0,0,0,0,0,0,0,0,0,0,0,0,0,0,0,0,0,0,0,0,0,0,0,0,0
7844384664444628402286798154590052901779336915218556634779848728297194351646947167463006972650202475168828368471217854366762759515569838638930770401171303783106832746657815986849832784641643213285171896422099336575343297130551080305905278827126134019320793052677183127541776212540818472984900284461252665961008214527092592830497334625792195830034299638522750184838863830787490226688698937405825210416779010867995990294445501884473082009569700894563293911075576102610177452619973655196579995004558377996073135657789729863739639937,0,0,0,0,0,0,0,0,0,0,0,0,0,0,0,0,0,0,0,0,0,0,0,0,0,0,0,0,0,0,0,0,0,0,0,0,0,0,0,0,0,0,0,0,0,0,0,0,0,0,0,0,0,0,0,0,0,0,0,0,0,0,0,0,0,0,0,0,0,0,0,0,0,0,0,0,0,0,0,0,0,0,0,0,0,0,0,0,0,0,0,0,0,0,0,0,0,0,0,0,0,1,0,0,0,0,0,0,0,0,0,0,0,0,0,0,0,0,0,0,0,0,0,0,0,0,0,0,0,0,0,0,0,0,0,0,0,0,0,0,0,0,0,0,0,0,0,0,0,0,0,0,0,0,0,0,0,0,0,0,0,0,0,0,0,0,0,0,0,0,0,0,0,0,0
27024808508038966619802978101175638965034197167957418749783453824741000387464190664429293697301921471984842125698285326979511569510928003167795471168909585207723219456566690599074237734890841400750441369791440446947366218316116473486162985976466586220782938252586547855078211633159245223215360079367761991390923950343451197289033966891230758190735764696616389607234006698768196246122943425755341096639883480714280094976546965075727436123662772806280363937521185472198882708936339820672872731800352376476243722800612697530737027611,0,0,0,0,0,0,0,0,0,0,0,0,0,0,0,0,0,0,0,0,0,0,0,0,0,0,0,0,0,0,0,0,0,0,0,0,0,0,0,0,0,0,0,0,0,0,0,0,0,0,0,0,0,0,0,0,0,0,0,0,0,0,0,0,0,0,0,0,0,0,0,0,0,0,0,0,0,0,0,0,0,0,0,0,0,0,0,0,0,0,0,0,0,0,0,0,0,0,0,0,0,0,1,0,0,0,0,0,0,0,0,0,0,0,0,0,0,0,0,0,0,0,0,0,0,0,0,0,0,0,0,0,0,0,0,0,0,0,0,0,0,0,0,0,0,0,0,0,0,0,0,0,0,0,0,0,0,0,0,0,0,0,0,0,0,0,0,0,0,0,0,0,0,0,0
29575162154823409746780336480295271733521609503757206037181031871170388840934745851643859553324331205117249686981646400089772158455424304411468746729617335557288062866032215506202967941272904139205101216332499490854295445898144907748825425691115248535665731535957044469840519006417067481047807772209910171617873599976846944743578586407125667769373993918435893784396345320876995599784984059591637178013127935893676615752785116285680187862310138082955606372509988370488266446707348571780572682476168822649972868049666315745318866285,0,0,0,0,0,0,0,0,0,0,0,0,0,0,0,0,0,0,0,0,0,0,0,0,0,0,0,0,0,0,0,0,0,0,0,0,0,0,0,0,0,0,0,0,0,0,0,0,0,0,0,0,0,0,0,0,0,0,0,0,0,0,0,0,0,0,0,0,0,0,0,0,0,0,0,0,0,0,0,0,0,0,0,0,0,0,0,0,0,0,0,0,0,0,0,0,0,0,0,0,0,0,0,1,0,0,0,0,0,0,0,0,0,0,0,0,0,0,0,0,0,0,0,0,0,0,0,0,0,0,0,0,0,0,0,0,0,0,0,0,0,0,0,0,0,0,0,0,0,0,0,0,0,0,0,0,0,0,0,0,0,0,0,0,0,0,0,0,0,0,0,0,0,0,0
10003512612121720336064569205640555622638322244842961805481872683072000078645465567213287085264715056780358927610875412215022256566331259284152904705916466135383300618719349020282908462621816728720761975686269632086197871584105264490592211737654465919790498928353063584679553957781773635496299393781335188339994980611062464457467667362381682899080515713779612344732488718829144595714453636226440417957639153319761034066471377461941190646076681405141107979992522354077366638530036225089892006244853780970348612697284412371494780796,0,0,0,0,0,0,0,0,0,0,0,0,0,0,0,0,0,0,0,0,0,0,0,0,0,0,0,0,0,0,0,0,0,0,0,0,0,0,0,0,0,0,0,0,0,0,0,0,0,0,0,0,0,0,0,0,0,0,0,0,0,0,0,0,0,0,0,0,0,0,0,0,0,0,0,0,0,0,0,0,0,0,0,0,0,0,0,0,0,0,0,0,0,0,0,0,0,0,0,0,0,0,0,0,1,0,0,0,0,0,0,0,0,0,0,0,0,0,0,0,0,0,0,0,0,0,0,0,0,0,0,0,0,0,0,0,0,0,0,0,0,0,0,0,0,0,0,0,0,0,0,0,0,0,0,0,0,0,0,0,0,0,0,0,0,0,0,0,0,0,0,0,0,0,0
40800305298467210388857688776826331929000672882775329195724507494147319702273411207119063408538547803956149070351612652285427971277801392944427609889698418196730727942830948320104040493972978618532317780546401242325835361257894365447391906584755181671389735023985403513094732600409431678687859289118255031349881667316619319511853558389501063984779659588787222812784648333705236522303727822285613754643651782562416006579506200191169575294632518988306752064864445900412130811009964538764412476536300775304938227549205830290297074892,0,0,0,0,0,0,0,0,0,0,0,0,0,0,0,0,0,0,0,0,0,0,0,0,0,0,0,0,0,0,0,0,0,0,0,0,0,0,0,0,0,0,0,0,0,0,0,0,0,0,0,0,0,0,0,0,0,0,0,0,0,0,0,0,0,0,0,0,0,0,0,0,0,0,0,0,0,0,0,0,0,0,0,0,0,0,0,0,0,0,0,0,0,0,0,0,0,0,0,0,0,0,0,0,0,1,0,0,0,0,0,0,0,0,0,0,0,0,0,0,0,0,0,0,0,0,0,0,0,0,0,0,0,0,0,0,0,0,0,0,0,0,0,0,0,0,0,0,0,0,0,0,0,0,0,0,0,0,0,0,0,0,0,0,0,0,0,0,0,0,0,0,0,0,0
43893690637881077912671161556439376771099784419109180954801096224035666754714151754012560377171804841744891053523470331789224965158821021724404114215161311914994904382552358874899837473454057546052968489967218703913638225897201491350445222277297831442196061416131649446820836998190813457698487419663905464684917188299465211257763325793756907882896765478821589625633334225054743537812746580585923282730204994483935062813943210051204782521842586908180924777996797818415350902383121700291470157545129628606903531468013682527763819012,0,0,0,0,0,0,0,0,0,0,0,0,0,0,0,0,0,0,0,0,0,0,0,0,0,0,0,0,0,0,0,0,0,0,0,0,0,0,0,0,0,0,0,0,0,0,0,0,0,0,0,0,0,0,0,0,0,0,0,0,0,0,0,0,0,0,0,0,0,0,0,0,0,0,0,0,0,0,0,0,0,0,0,0,0,0,0,0,0,0,0,0,0,0,0,0,0,0,0,0,0,0,0,0,0,0,1,0,0,0,0,0,0,0,0,0,0,0,0,0,0,0,0,0,0,0,0,0,0,0,0,0,0,0,0,0,0,0,0,0,0,0,0,0,0,0,0,0,0,0,0,0,0,0,0,0,0,0,0,0,0,0,0,0,0,0,0,0,0,0,0,0,0,0,0
7668744181048625716574789879585923399765906284699946759939673593898020688054346897526241544457607227299180978044479455396628609306443436818833977999760548888702604228396649716105567259958915634296055921249249490973698021891814249555921213626531814577116237695362888963767801265924437463206948490559147199298931514625097190892130530251648802169446232827694064809358563493601270275225893291691157135860634458756299379602617790602414538912318466793027261392780790330276268423524915170918491086282904317613562752435132366276254978328,0,0,0,0,0,0,0,0,0,0,0,0,0,0,0,0,0,0,0,0,0,0,0,0,0,0,0,0,0,0,0,0,0,0,0,0,0,0,0,0,0,0,0,0,0,0,0,0,0,0,0,0,0,0,0,0,0,0,0,0,0,0,0,0,0,0,0,0,0,0,0,0,0,0,0,0,0,0,0,0,0,0,0,0,0,0,0,0,0,0,0,0,0,0,0,0,0,0,0,0,0,0,0,0,0,0,0,1,0,0,0,0,0,0,0,0,0,0,0,0,0,0,0,0,0,0,0,0,0,0,0,0,0,0,0,0,0,0,0,0,0,0,0,0,0,0,0,0,0,0,0,0,0,0,0,0,0,0,0,0,0,0,0,0,0,0,0,0,0,0,0,0,0,0,0
667642757178713025191733611495500589119527836526414629079979069047019600812658609038659212918701163809164745219062533560475558292372956790984383398281709010626268863813943630840255122088598031574994623976430421454811766340668305583283905772365421804934148538289743110535099625025623481522599173849594743481781918355387156696370787646935379158414152963368238336824549820040114780656202202899816593130036467179231414589078748303852988273399671059222826722949675778636651957694639412987241379435764561214111385760943306954054756873,0,0,0,0,0,0,0,0,0,0,0,0,0,0,0,0,0,0,0,0,0,0,0,0,0,0,0,0,0,0,0,0,0,0,0,0,0,0,0,0,0,0,0,0,0,0,0,0,0,0,0,0,0,0,0,0,0,0,0,0,0,0,0,0,0,0,0,0,0,0,0,0,0,0,0,0,0,0,0,0,0,0,0,0,0,0,0,0,0,0,0,0,0,0,0,0,0,0,0,0,0,0,0,0,0,0,0,0,1,0,0,0,0,0,0,0,0,0,0,0,0,0,0,0,0,0,0,0,0,0,0,0,0,0,0,0,0,0,0,0,0,0,0,0,0,0,0,0,0,0,0,0,0,0,0,0,0,0,0,0,0,0,0,0,0,0,0,0,0,0,0,0,0,0,0
25480834118190693028711665952483926674320254658080504788332597323478646629217518937057964655275888989702252557025505219710073990774902934400474001972843054388342742963751099720511214311340715217545506187141656890842920370038431497772242640994328491613682249342387933154387214374791255966690421609451884010523304785574894798590347165463229684691748248095030326357637922229088179275438402188323511797197068194484026668384406669948188912644474030829897964002718105965775167588838418397096050571400137471219807732124063113568751227986,0,0,0,0,0,0,0,0,0,0,0,0,0,0,0,0,0,0,0,0,0,0,0,0,0,0,0,0,0,0,0,0,0,0,0,0,0,0,0,0,0,0,0,0,0,0,0,0,0,0,0,0,0,0,0,0,0,0,0,0,0,0,0,0,0,0,0,0,0,0,0,0,0,0,0,0,0,0,0,0,0,0,0,0,0,0,0,0,0,0,0,0,0,0,0,0,0,0,0,0,0,0,0,0,0,0,0,0,0,1,0,0,0,0,0,0,0,0,0,0,0,0,0,0,0,0,0,0,0,0,0,0,0,0,0,0,0,0,0,0,0,0,0,0,0,0,0,0,0,0,0,0,0,0,0,0,0,0,0,0,0,0,0,0,0,0,0,0,0,0,0,0,0,0,0
27950634558716659984431037791057768429726337941875807898115508712142057993501772780703545745769798685263233986186290985493005998637075715154376409204263806917012710934985096387274903964227786509143171731404301928738314109433972201811589933778392231568000594309717235863704460932039206917610177323501438797424520115563094429080959089627878336881187756816083572741080183535280038230289973607207660175621968315328403345695520212558125235106848876960062249830103098270353677694606801087445822396130373131420285474445976325668882738793,0,0,0,0,0,0,0,0,0,0,0,0,0,0,0,0,0,0,0,0,0,0,0,0,0,0,0,0,0,0,0,0,0,0,0,0,0,0,0,0,0,0,0,0,0,0,0,0,0,0,0,0,0,0,0,0,0,0,0,0,0,0,0,0,0,0,0,0,0,0,0,0,0,0,0,0,0,0,0,0,0,0,0,0,0,0,0,0,0,0,0,0,0,0,0,0,0,0,0,0,0,0,0,0,0,0,0,0,0,0,1,0,0,0,0,0,0,0,0,0,0,0,0,0,0,0,0,0,0,0,0,0,0,0,0,0,0,0,0,0,0,0,0,0,0,0,0,0,0,0,0,0,0,0,0,0,0,0,0,0,0,0,0,0,0,0,0,0,0,0,0,0,0,0,0
37774481873199245744423701251998056507156278342774629412146067028978682926360942801120119804277808926220355293338191352191648094040633378638095645754936364415703021160664106702265433238193375741449125433614765576048918591070892872530374842123965778734085399446454732270308009085500327258119756891095621563173339322751535016874205678223160363599899108926780409882765558946851393650782526411369785838059684362167166236432519696484540692475600539588490069606340912456198455558568083899873942721308992509143001564310497827309972837368,0,0,0,0,0,0,0,0,0,0,0,0,0,0,0,0,0,0,0,0,0,0,0,0,0,0,0,0,0,0,0,0,0,0,0,0,0,0,0,0,0,0,0,0,0,0,0,0,0,0,0,0,0,0,0,0,0,0,0,0,0,0,0,0,0,0,0,0,0,0,0,0,0,0,0,0,0,0,0,0,0,0,0,0,0,0,0,0,0,0,0,0,0,0,0,0,0,0,0,0,0,0,0,0,0,0,0,0,0,0,0,1,0,0,0,0,0,0,0,0,0,0,0,0,0,0,0,0,0,0,0,0,0,0,0,0,0,0,0,0,0,0,0,0,0,0,0,0,0,0,0,0,0,0,0,0,0,0,0,0,0,0,0,0,0,0,0,0,0,0,0,0,0,0,0
40383042560804714943842565680655967301452358435443746669302521866383202431863992642588509650779490822085824811768540782589514419613126990859452935129361149068521682324760082373426023913299008029640925552454239151822735172863022230944603065131797297520616672606596261479175942672302128775714378607504826870349347355453579011197364119720776753776186129749454079795619040623171464312893730075672559885271359793742707308954053836008275656684896662822437196563469167732611768638045985692518036346615056798907444773944799555480885399037,0,0,0,0,0,0,0,0,0,0,0,0,0,0,0,0,0,0,0,0,0,0,0,0,0,0,0,0,0,0,0,0,0,0,0,0,0,0,0,0,0,0,0,0,0,0,0,0,0,0,0,0,0,0,0,0,0,0,0,0,0,0,0,0,0,0,0,0,0,0,0,0,0,0,0,0,0,0,0,0,0,0,0,0,0,0,0,0,0,0,0,0,0,0,0,0,0,0,0,0,0,0,0,0,0,0,0,0,0,0,0,0,1,0,0,0,0,0,0,0,0,0,0,0,0,0,0,0,0,0,0,0,0,0,0,0,0,0,0,0,0,0,0,0,0,0,0,0,0,0,0,0,0,0,0,0,0,0,0,0,0,0,0,0,0,0,0,0,0,0,0,0,0,0,0
18154732641681700195447222106055790828342903927828320406890860946770815643932463972684791092073372191006773216294542913868257283491640547330841060995506010310261902693220805712458675470084380715027351928734892303036713705438968941779320350893734280598427629926672090692849060496919654343026420276869574378562523351477614222082828891266140988548394149757374846282523633501764813520489182705336318768911686241866972986841997137621516589384716686213611911954854256201321501012780388376082812018360144906131121277763589452380734903371,0,0,0,0,0,0,0,0,0,0,0,0,0,0,0,0,0,0,0,0,0,0,0,0,0,0,0,0,0,0,0,0,0,0,0,0,0,0,0,0,0,0,0,0,0,0,0,0,0,0,0,0,0,0,0,0,0,0,0,0,0,0,0,0,0,0,0,0,0,0,0,0,0,0,0,0,0,0,0,0,0,0,0,0,0,0,0,0,0,0,0,0,0,0,0,0,0,0,0,0,0,0,0,0,0,0,0,0,0,0,0,0,0,1,0,0,0,0,0,0,0,0,0,0,0,0,0,0,0,0,0,0,0,0,0,0,0,0,0,0,0,0,0,0,0,0,0,0,0,0,0,0,0,0,0,0,0,0,0,0,0,0,0,0,0,0,0,0,0,0,0,0,0,0,0
40842811422537990679487206776419146408090709903100765901332925686387075235870143196054875288838395167305223101501702556170737245850890741302591772275784852009351062891052320572082822424640890359982358663303788086846745701837003811283095756092684030232367837047706686349710795659475055730317537129680243201425651353815707845610126790846582916091208913591634689352532886007843553520714387574183937763207328349729902660920292579619809960525854822416764426994010578543582438062070319303341757389515786344740090827837486678191903615181,0,0,0,0,0,0,0,0,0,0,0,0,0,0,0,0,0,0,0,0,0,0,0,0,0,0,0,0,0,0,0,0,0,0,0,0,0,0,0,0,0,0,0,0,0,0,0,0,0,0,0,0,0,0,0,0,0,0,0,0,0,0,0,0,0,0,0,0,0,0,0,0,0,0,0,0,0,0,0,0,0,0,0,0,0,0,0,0,0,0,0,0,0,0,0,0,0,0,0,0,0,0,0,0,0,0,0,0,0,0,0,0,0,0,1,0,0,0,0,0,0,0,0,0,0,0,0,0,0,0,0,0,0,0,0,0,0,0,0,0,0,0,0,0,0,0,0,0,0,0,0,0,0,0,0,0,0,0,0,0,0,0,0,0,0,0,0,0,0,0,0,0,0,0,0
3969032597939893213787648745044847420819093619094272592136756896305717323345406214145935741327674848335859101786631592566118216312849175715832872240726322680268070651798806394033393022642277268695232182895206104249558135420267266301254017076534936918692953754429792666475275600757337805336940319797774731070004769211435575142670534639976964159715805520965356673267366610047233845472363407114447263821143867891055574181303667999211960788207497734500390726872284855785763867137362464933282459562909500660103059502907105729755907430,0,0,0,0,0,0,0,0,0,0,0,0,0,0,0,0,0,0,0,0,0,0,0,0,0,0,0,0,0,0,0,0,0,0,0,0,0,0,0,0,0,0,0,0,0,0,0,0,0,0,0,0,0,0,0,0,0,0,0,0,0,0,0,0,0,0,0,0,0,0,0,0,0,0,0,0,0,0,0,0,0,0,0,0,0,0,0,0,0,0,0,0,0,0,0,0,0,0,0,0,0,0,0,0,0,0,0,0,0,0,0,0,0,0,0,1,0,0,0,0,0,0,0,0,0,0,0,0,0,0,0,0,0,0,0,0,0,0,0,0,0,0,0,0,0,0,0,0,0,0,0,0,0,0,0,0,0,0,0,0,0,0,0,0,0,0,0,0,0,0,0,0,0,0,0
39655893783402797468446663845738844491064335196449075438280807940257113653622806539183151611696123458402908160468288081521022351538231604278529445379822395954439665908324269709655983841428479511636218148356490036324124271560322308897251917065841944826657942486136491779357889116533902391419578784497719542099494549842294548092120965128898941980424893249443462133390459957692141392087689382969673305484250321434645216947855208816468363264971449608707027771827113635050338034393131906934030858883934078149796007380861989283371928080,0,0,0,0,0,0,0,0,0,0,0,0,0,0,0,0,0,0,0,0,0,0,0,0,0,0,0,0,0,0,0,0,0,0,0,0,0,0,0,0,0,0,0,0,0,0,0,0,0,0,0,0,0,0,0,0,0,0,0,0,0,0,0,0,0,0,0,0,0,0,0,0,0,0,0,0,0,0,0,0,0,0,0,0,0,0,0,0,0,0,0,0,0,0,0,0,0,0,0,0,0,0,0,0,0,0,0,0,0,0,0,0,0,0,0,0,1,0,0,0,0,0,0,0,0,0,0,0,0,0,0,0,0,0,0,0,0,0,0,0,0,0,0,0,0,0,0,0,0,0,0,0,0,0,0,0,0,0,0,0,0,0,0,0,0,0,0,0,0,0,0,0,0,0,0
200890744292671567402510136407396898335905509817802367372288538562620130535995568711161536356177912211718350422271516848566502161031339249381554748066923768993603716693994010546545593986280316178108155558203233286992991732890899873632769096650399460923509586088649704682358714295764409206460522061279228271881195214015253228512099312094394994760722783729511167235516922857260718975772236182574216065913770170979636437851631211659630942315295926049488350928158817633532657744949382814387494295811977384952490725699329400875666599,0,0,0,0,0,0,0,0,0,0,0,0,0,0,0,0,0,0,0,0,0,0,0,0,0,0,0,0,0,0,0,0,0,0,0,0,0,0,0,0,0,0,0,0,0,0,0,0,0,0,0,0,0,0,0,0,0,0,0,0,0,0,0,0,0,0,0,0,0,0,0,0,0,0,0,0,0,0,0,0,0,0,0,0,0,0,0,0,0,0,0,0,0,0,0,0,0,0,0,0,0,0,0,0,0,0,0,0,0,0,0,0,0,0,0,0,0,1,0,0,0,0,0,0,0,0,0,0,0,0,0,0,0,0,0,0,0,0,0,0,0,0,0,0,0,0,0,0,0,0,0,0,0,0,0,0,0,0,0,0,0,0,0,0,0,0,0,0,0,0,0,0,0,0,0
24717188280699183905887676864519519830982666241928030145187103216195887196939846695720035709902925337611901404527543952033342175982197894700356566100180186348760930008158454199414044134040283614229738336437056146900468306915285655690688648034183148219190479353368587966973802946002181154123347272615977019612822093194610509857103947147624968652726662962568266736440655682412895134696166070124747113245844887212726808579374156329861159111445589235943790270132905933352685047054451091844584639272078814389674023168715765375065188184,0,0,0,0,0,0,0,0,0,0,0,0,0,0,0,0,0,0,0,0,0,0,0,0,0,0,0,0,0,0,0,0,0,0,0,0,0,0,0,0,0,0,0,0,0,0,0,0,0,0,0,0,0,0,0,0,0,0,0,0,0,0,0,0,0,0,0,0,0,0,0,0,0,0,0,0,0,0,0,0,0,0,0,0,0,0,0,0,0,0,0,0,0,0,0,0,0,0,0,0,0,0,0,0,0,0,0,0,0,0,0,0,0,0,0,0,0,0,1,0,0,0,0,0,0,0,0,0,0,0,0,0,0,0,0,0,0,0,0,0,0,0,0,0,0,0,0,0,0,0,0,0,0,0,0,0,0,0,0,0,0,0,0,0,0,0,0,0,0,0,0,0,0,0,0
36108686312572101898641437660126360927151071150607285475516674673707772390904942714345704776625124694715006202451182193105564019526358271122827973948879633561677378208060550551945672462810260579840920834045130008459279820861458677233743888147289527799930729706287794793467160108674869055691693258345860946669693201638819728398913574878981849084369556723756325366337266230176421537061219268056576942105760002394951659246275449978498056726557775168377027425663282351084216368636311446753750962394819533958742352149904746736550787129,0,0,0,0,0,0,0,0,0,0,0,0,0,0,0,0,0,0,0,0,0,0,0,0,0,0,0,0,0,0,0,0,0,0,0,0,0,0,0,0,0,0,0,0,0,0,0,0,0,0,0,0,0,0,0,0,0,0,0,0,0,0,0,0,0,0,0,0,0,0,0,0,0,0,0,0,0,0,0,0,0,0,0,0,0,0,0,0,0,0,0,0,0,0,0,0,0,0,0,0,0,0,0,0,0,0,0,0,0,0,0,0,0,0,0,0,0,0,0,1,0,0,0,0,0,0,0,0,0,0,0,0,0,0,0,0,0,0,0,0,0,0,0,0,0,0,0,0,0,0,0,0,0,0,0,0,0,0,0,0,0,0,0,0,0,0,0,0,0,0,0,0,0,0,0
27165605080402177806290853579052388809529553164079471650952773380441748625414827992068227193296756580236067180826396596194183146661037686620694486992086032446895469514596288647499165858488126952188745039176832856132170358467982201015076619434414343271137110202137843722178217968541598294855151793450182808768204533950159573749261234857068373242725648886990645724232901465461744579716680824235871852129719129648968793939056623056392412237235271976691578516911636052052992598374094193690685503339312711122063187931418434863614347673,0,0,0,0,0,0,0,0,0,0,0,0,0,0,0,0,0,0,0,0,0,0,0,0,0,0,0,0,0,0,0,0,0,0,0,0,0,0,0,0,0,0,0,0,0,0,0,0,0,0,0,0,0,0,0,0,0,0,0,0,0,0,0,0,0,0,0,0,0,0,0,0,0,0,0,0,0,0,0,0,0,0,0,0,0,0,0,0,0,0,0,0,0,0,0,0,0,0,0,0,0,0,0,0,0,0,0,0,0,0,0,0,0,0,0,0,0,0,0,0,1,0,0,0,0,0,0,0,0,0,0,0,0,0,0,0,0,0,0,0,0,0,0,0,0,0,0,0,0,0,0,0,0,0,0,0,0,0,0,0,0,0,0,0,0,0,0,0,0,0,0,0,0,0,0
18005218284486331236039197254583818739652396924747307363497373060030649536757565522658799253663677555581165696759661868147905091968039253797921610258529880319597827673320143422406371290686838225624321562881530547899169236509792247505288954719797366856609116332161449277164709234185064926647290484667610313119310903732014829497444829358363219570975396855757709280076075403614920606886802494720250464529364006842311903281217839062483921852922002279766409706216373327918141217472945677740552175927756997703238363820618303996421413464,0,0,0,0,0,0,0,0,0,0,0,0,0,0,0,0,0,0,0,0,0,0,0,0,0,0,0,0,0,0,0,0,0,0,0,0,0,0,0,0,0,0,0,0,0,0,0,0,0,0,0,0,0,0,0,0,0,0,0,0,0,0,0,0,0,0,0,0,0,0,0,0,0,0,0,0,0,0,0,0,0,0,0,0,0,0,0,0,0,0,0,0,0,0,0,0,0,0,0,0,0,0,0,0,0,0,0,0,0,0,0,0,0,0,0,0,0,0,0,0,0,1,0,0,0,0,0,0,0,0,0,0,0,0,0,0,0,0,0,0,0,0,0,0,0,0,0,0,0,0,0,0,0,0,0,0,0,0,0,0,0,0,0,0,0,0,0,0,0,0,0,0,0,0,0
26868213369633345233125336634569289221486689345265925563792344853898935065324388578696270458040989447689190739673785210213283513187167224349712524197994272893760803985131063735817243571492488250737308663419695863579280859878001309871979687921647311981614117847214291536426261073670126700080303123406231619627239753186155583087513210440878341251600275072685712867180657217444071248463004985181463657216205515764346018950048434458376240423660313298322827194752030583164238684357419693401414113587431944926723340494771652517404809720,0,0,0,0,0,0,0,0,0,0,0,0,0,0,0,0,0,0,0,0,0,0,0,0,0,0,0,0,0,0,0,0,0,0,0,0,0,0,0,0,0,0,0,0,0,0,0,0,0,0,0,0,0,0,0,0,0,0,0,0,0,0,0,0,0,0,0,0,0,0,0,0,0,0,0,0,0,0,0,0,0,0,0,0,0,0,0,0,0,0,0,0,0,0,0,0,0,0,0,0,0,0,0,0,0,0,0,0,0,0,0,0,0,0,0,0,0,0,0,0,0,0,1,0,0,0,0,0,0,0,0,0,0,0,0,0,0,0,0,0,0,0,0,0,0,0,0,0,0,0,0,0,0,0,0,0,0,0,0,0,0,0,0,0,0,0,0,0,0,0,0,0,0,0,0
4433933675255325002854257273093983060245668223187821049086502892493736328542154233290254669246602781041053392249168243072532472183773409671937713711120152390280894931989837260981427829448576657401762077939347609046299235446460515317255286493554461975617881058416875013471572270880361796373753341824208161245981225359355068488210967386169379859494676965435151867169486360727294529216465487939104553816650619728847587147525885471474351094474377353957933077811709910636988538628683851249261006980647985295863509790860097517036289107,0,0,0,0,0,0,0,0,0,0,0,0,0,0,0,0,0,0,0,0,0,0,0,0,0,0,0,0,0,0,0,0,0,0,0,0,0,0,0,0,0,0,0,0,0,0,0,0,0,0,0,0,0,0,0,0,0,0,0,0,0,0,0,0,0,0,0,0,0,0,0,0,0,0,0,0,0,0,0,0,0,0,0,0,0,0,0,0,0,0,0,0,0,0,0,0,0,0,0,0,0,0,0,0,0,0,0,0,0,0,0,0,0,0,0,0,0,0,0,0,0,0,0,1,0,0,0,0,0,0,0,0,0,0,0,0,0,0,0,0,0,0,0,0,0,0,0,0,0,0,0,0,0,0,0,0,0,0,0,0,0,0,0,0,0,0,0,0,0,0,0,0,0,0,0
33702706426649783810312193660766048116185296184167386244310434704819795785676469298302359071008391083768166655072612968979357805336742116209607848244856285594912409909681870719056888613325399546185190757812876005985626047022873139645068524163361093812028183112107381766920014636985951288513732528140755358537914878151791739334404839301810919616344417013888870983518264535860519575158099749944128345734119134977987875832327484157953501700097789263560052405627615447206084790301575088510747062142854778995889970738165061505622671343,0,0,0,0,0,0,0,0,0,0,0,0,0,0,0,0,0,0,0,0,0,0,0,0,0,0,0,0,0,0,0,0,0,0,0,0,0,0,0,0,0,0,0,0,0,0,0,0,0,0,0,0,0,0,0,0,0,0,0,0,0,0,0,0,0,0,0,0,0,0,0,0,0,0,0,0,0,0,0,0,0,0,0,0,0,0,0,0,0,0,0,0,0,0,0,0,0,0,0,0,0,0,0,0,0,0,0,0,0,0,0,0,0,0,0,0,0,0,0,0,0,0,0,0,1,0,0,0,0,0,0,0,0,0,0,0,0,0,0,0,0,0,0,0,0,0,0,0,0,0,0,0,0,0,0,0,0,0,0,0,0,0,0,0,0,0,0,0,0,0,0,0,0,0,0
44427732470296958766931953537995250218682126079758560727874886722021971254485538420147242267475817967858764181003267898801922760711897610080057531136032961837482812197588212935468754997849894068535699555454766098849572254061106093634421825488864303894317484644669794256528473174576044033187370672847155110060530848325641179708893467802031573353195197523102690391106706255554447717518187826041366891174376324233593065730627911126420660437064595999021876922665295682956080486424181813862428060360298767855200969174430640960543717875,0,0,0,0,0,0,0,0,0,0,0,0,0,0,0,0,0,0,0,0,0,0,0,0,0,0,0,0,0,0,0,0,0,0,0,0,0,0,0,0,0,0,0,0,0,0,0,0,0,0,0,0,0,0,0,0,0,0,0,0,0,0,0,0,0,0,0,0,0,0,0,0,0,0,0,0,0,0,0,0,0,0,0,0,0,0,0,0,0,0,0,0,0,0,0,0,0,0,0,0,0,0,0,0,0,0,0,0,0,0,0,0,0,0,0,0,0,0,0,0,0,0,0,0,0,1,0,0,0,0,0,0,0,0,0,0,0,0,0,0,0,0,0,0,0,0,0,0,0,0,0,0,0,0,0,0,0,0,0,0,0,0,0,0,0,0,0,0,0,0,0,0,0,0,0
14699889807306403938225095188099799624914706233472868348515934928832625263807214632200241222688107090463463927405962740165177571882245125651169311863099112056643649908163507169023827353346525237424813005011519774729503257149243137637086397277407530516044134407988596089733433525261438975309051088298185308605506797551147731489092442861955507807271509871394703851440765365604067062693780364964439282984131994945363562753610487754896520916643099327506281432518981095339079555399190305045466208647342249920487607608127797023644496131,0,0,0,0,0,0,0,0,0,0,0,0,0,0,0,0,0,0,0,0,0,0,0,0,0,0,0,0,0,0,0,0,0,0,0,0,0,0,0,0,0,0,0,0,0,0,0,0,0,0,0,0,0,0,0,0,0,0,0,0,0,0,0,0,0,0,0,0,0,0,0,0,0,0,0,0,0,0,0,0,0,0,0,0,0,0,0,0,0,0,0,0,0,0,0,0,0,0,0,0,0,0,0,0,0,0,0,0,0,0,0,0,0,0,0,0,0,0,0,0,0,0,0,0,0,0,1,0,0,0,0,0,0,0,0,0,0,0,0,0,0,0,0,0,0,0,0,0,0,0,0,0,0,0,0,0,0,0,0,0,0,0,0,0,0,0,0,0,0,0,0,0,0,0,0
2395004589907292114397185695737125837980983501899080680201975946909726344699846683881856161637396257234216778328995241189662322083421565476443231225090968483767782500932600111858612118113137138612676455937949205090967605066515397003735307512848896891103664575092687705208463773469393762660211762476381003036154305198327430719864916948552861449831137982518040263914285050042836170093750485488870263968060369274097902652141150412764864897457922460526906564366915752544489648978967046178312269621287615392873757949378896259503495520,0,0,0,0,0,0,0,0,0,0,0,0,0,0,0,0,0,0,0,0,0,0,0,0,0,0,0,0,0,0,0,0,0,0,0,0,0,0,0,0,0,0,0,0,0,0,0,0,0,0,0,0,0,0,0,0,0,0,0,0,0,0,0,0,0,0,0,0,0,0,0,0,0,0,0,0,0,0,0,0,0,0,0,0,0,0,0,0,0,0,0,0,0,0,0,0,0,0,0,0,0,0,0,0,0,0,0,0,0,0,0,0,0,0,0,0,0,0,0,0,0,0,0,0,0,0,0,1,0,0,0,0,0,0,0,0,0,0,0,0,0,0,0,0,0,0,0,0,0,0,0,0,0,0,0,0,0,0,0,0,0,0,0,0,0,0,0,0,0,0,0,0,0,0,0
8638040070648565344325912621714573040614172700112017776923015334099023159398977601320051143636128339095411221769927620864011385278921971441206974064190872247889635100242587282918054003830045801343224622217062957966805214146526660218901710128085614891076755072452907335068927265774190916774083239709500262882580939106134127924019514736541384348018394562011186083476400266418984162265636189426393310681481508790499862530894654553901622139373235339502404102542615114788341583000903022730338519192449233263292086561484272067876184105,0,0,0,0,0,0,0,0,0,0,0,0,0,0,0,0,0,0,0,0,0,0,0,0,0,0,0,0,0,0,0,0,0,0,0,0,0,0,0,0,0,0,0,0,0,0,0,0,0,0,0,0,0,0,0,0,0,0,0,0,0,0,0,0,0,0,0,0,0,0,0,0,0,0,0,0,0,0,0,0,0,0,0,0,0,0,0,0,0,0,0,0,0,0,0,0,0,0,0,0,0,0,0,0,0,0,0,0,0,0,0,0,0,0,0,0,0,0,0,0,0,0,0,0,0,0,0,0,1,0,0,0,0,0,0,0,0,0,0,0,0,0,0,0,0,0,0,0,0,0,0,0,0,0,0,0,0,0,0,0,0,0,0,0,0,0,0,0,0,0,0,0,0,0,0
23344482502285658582343614195277376840475303465076349077682708450260305146806550353457786496409719416127009211423261955673170398817851069246500752750467850931532719752161879354308939049036716563811583169779663744835933752791102804983541747819986395488517018510634468292351408180635871367670332110023156203036225767285513488328293074518229222531930729371317647715929513345550665140095548140142817417700523246468036561169810569515200684949726580765707280079650004263541308464943105425925695411628297136177799466937132104595635561401,0,0,0,0,0,0,0,0,0,0,0,0,0,0,0,0,0,0,0,0,0,0,0,0,0,0,0,0,0,0,0,0,0,0,0,0,0,0,0,0,0,0,0,0,0,0,0,0,0,0,0,0,0,0,0,0,0,0,0,0,0,0,0,0,0,0,0,0,0,0,0,0,0,0,0,0,0,0,0,0,0,0,0,0,0,0,0,0,0,0,0,0,0,0,0,0,0,0,0,0,0,0,0,0,0,0,0,0,0,0,0,0,0,0,0,0,0,0,0,0,0,0,0,0,0,0,0,0,0,1,0,0,0,0,0,0,0,0,0,0,0,0,0,0,0,0,0,0,0,0,0,0,0,0,0,0,0,0,0,0,0,0,0,0,0,0,0,0,0,0,0,0,0,0,0
35914007954258944677518943260403191275389174598712371217444288559095370373742631058044093562843333120884905611661379244352982970716723537587345209380016715802721728910122799416533362351176153870435943108695800349154803584772113847720258671938284698928891859675690553608410387874769079424256046455961695481359167127735967036819518516716698265382236929941242738043657713769174363526925926016928186243117811239722716150601061599652817973841971588344763682131013058443699558968745198765108990556763498485659420904787341013023264812434,0,0,0,0,0,0,0,0,0,0,0,0,0,0,0,0,0,0,0,0,0,0,0,0,0,0,0,0,0,0,0,0,0,0,0,0,0,0,0,0,0,0,0,0,0,0,0,0,0,0,0,0,0,0,0,0,0,0,0,0,0,0,0,0,0,0,0,0,0,0,0,0,0,0,0,0,0,0,0,0,0,0,0,0,0,0,0,0,0,0,0,0,0,0,0,0,0,0,0,0,0,0,0,0,0,0,0,0,0,0,0,0,0,0,0,0,0,0,0,0,0,0,0,0,0,0,0,0,0,0,1,0,0,0,0,0,0,0,0,0,0,0,0,0,0,0,0,0,0,0,0,0,0,0,0,0,0,0,0,0,0,0,0,0,0,0,0,0,0,0,0,0,0,0,0
6876383905437397078963301468550242128280024283001516412967335833882309468799746309501453411600252673763611604396990153098153791992178354218902163421627356544234078134589749913209498633970416128646095035815940064856116779682554568429366826407130926422169585034448012384986694355641937808565855394855452211568633585147107696020170330164937050210734075600620888004589793089329148223855727147592994831115614670407548993252519695772675212445207681740495273169763572367111734857414480737537305407515016730306768691655538057152637570522,0,0,0,0,0,0,0,0,0,0,0,0,0,0,0,0,0,0,0,0,0,0,0,0,0,0,0,0,0,0,0,0,0,0,0,0,0,0,0,0,0,0,0,0,0,0,0,0,0,0,0,0,0,0,0,0,0,0,0,0,0,0,0,0,0,0,0,0,0,0,0,0,0,0,0,0,0,0,0,0,0,0,0,0,0,0,0,0,0,0,0,0,0,0,0,0,0,0,0,0,0,0,0,0,0,0,0,0,0,0,0,0,0,0,0,0,0,0,0,0,0,0,0,0,0,0,0,0,0,0,0,1,0,0,0,0,0,0,0,0,0,0,0,0,0,0,0,0,0,0,0,0,0,0,0,0,0,0,0,0,0,0,0,0,0,0,0,0,0,0,0,0,0,0,0
45062879452765470797363104680537585631206745366820025977068456444196348173216120241010290906883276589276655578479461416857944556849682175940820058680379570207640335071780561962432540921046583362642151356519456754613292888563850481678997722547218755995277459110244491918844827967362242204865303685354820918984898051272484893933447320289238060095696425378447773122792276143702682252745522021610379761575986302997220400362674366249255175125294061669602761930712295101904904245851045725766827168773386485634556451259905549768220898288,0,0,0,0,0,0,0,0,0,0,0,0,0,0,0,0,0,0,0,0,0,0,0,0,0,0,0,0,0,0,0,0,0,0,0,0,0,0,0,0,0,0,0,0,0,0,0,0,0,0,0,0,0,0,0,0,0,0,0,0,0,0,0,0,0,0,0,0,0,0,0,0,0,0,0,0,0,0,0,0,0,0,0,0,0,0,0,0,0,0,0,0,0,0,0,0,0,0,0,0,0,0,0,0,0,0,0,0,0,0,0,0,0,0,0,0,0,0,0,0,0,0,0,0,0,0,0,0,0,0,0,0,1,0,0,0,0,0,0,0,0,0,0,0,0,0,0,0,0,0,0,0,0,0,0,0,0,0,0,0,0,0,0,0,0,0,0,0,0,0,0,0,0,0,0
14656540044463072939126111038999918195815097586702025601391356044260413736474466295254153138830560838351346957039093656914496062700891956018649285191509068219450774955231285061012576440632669007566943862062593592398435411705762161580091811505497456772087301595863548220423267681116782251344820112810262964831579455182522726390410324156528789592385413756170447674127991260991322508692055652878093666473080267620976917959415025843410457835641292415440444173394021697991785937603253260049820460468235996995519742319422104936815620048,0,0,0,0,0,0,0,0,0,0,0,0,0,0,0,0,0,0,0,0,0,0,0,0,0,0,0,0,0,0,0,0,0,0,0,0,0,0,0,0,0,0,0,0,0,0,0,0,0,0,0,0,0,0,0,0,0,0,0,0,0,0,0,0,0,0,0,0,0,0,0,0,0,0,0,0,0,0,0,0,0,0,0,0,0,0,0,0,0,0,0,0,0,0,0,0,0,0,0,0,0,0,0,0,0,0,0,0,0,0,0,0,0,0,0,0,0,0,0,0,0,0,0,0,0,0,0,0,0,0,0,0,0,1,0,0,0,0,0,0,0,0,0,0,0,0,0,0,0,0,0,0,0,0,0,0,0,0,0,0,0,0,0,0,0,0,0,0,0,0,0,0,0,0,0
26385446408796915979921160067644822461923053565550903532653556125645028643686000319659201918726502801820901158378784360295782811277049936544425587823642876481281345525107089700844833007978407284942547603594685116111445208174032326671388104885689919206997591878328512223532221218786734634816503187687635604036752967695322162943972928190537055533411832890878490256703048499498289826475990427711328460361935651913522350134816435297384749603022291183107737950922265728623449580086320157967664818097651211612886524270397504853074911220,0,0,0,0,0,0,0,0,0,0,0,0,0,0,0,0,0,0,0,0,0,0,0,0,0,0,0,0,0,0,0,0,0,0,0,0,0,0,0,0,0,0,0,0,0,0,0,0,0,0,0,0,0,0,0,0,0,0,0,0,0,0,0,0,0,0,0,0,0,0,0,0,0,0,0,0,0,0,0,0,0,0,0,0,0,0,0,0,0,0,0,0,0,0,0,0,0,0,0,0,0,0,0,0,0,0,0,0,0,0,0,0,0,0,0,0,0,0,0,0,0,0,0,0,0,0,0,0,0,0,0,0,0,0,1,0,0,0,0,0,0,0,0,0,0,0,0,0,0,0,0,0,0,0,0,0,0,0,0,0,0,0,0,0,0,0,0,0,0,0,0,0,0,0,0
26935097932814285792859315467963478940344926648650418539831753422183341479741598427504254039040883417344662933371007733467335223654092985101052138499170931101668284639183392488237482223253613481630653395297568066934647772600364636344159839160834575492834076016106622415978940175928062901225440648483684614661909628343686699675931526472791714987252282419552497838695528591629469190802841011779575376931680216574855221364429190109329656375593803168838822115051522472007425752126127811478905245534591317409700905748179811819281062497,0,0,0,0,0,0,0,0,0,0,0,0,0,0,0,0,0,0,0,0,0,0,0,0,0,0,0,0,0,0,0,0,0,0,0,0,0,0,0,0,0,0,0,0,0,0,0,0,0,0,0,0,0,0,0,0,0,0,0,0,0,0,0,0,0,0,0,0,0,0,0,0,0,0,0,0,0,0,0,0,0,0,0,0,0,0,0,0,0,0,0,0,0,0,0,0,0,0,0,0,0,0,0,0,0,0,0,0,0,0,0,0,0,0,0,0,0,0,0,0,0,0,0,0,0,0,0,0,0,0,0,0,0,0,0,1,0,0,0,0,0,0,0,0,0,0,0,0,0,0,0,0,0,0,0,0,0,0,0,0,0,0,0,0,0,0,0,0,0,0,0,0,0,0,0
23490269794491589215648105796775649060128019214331547683801177457347741048239067310332337246823390121131672923551871207222918275476455835758683155633611258153436738568473444738160421847958296042008359494129154148744160384087916836108785388660857514608257126757727652814945278776994022023520649151705115887869343712748940872118802346821602727798108968016473025828345330369689139270514825033603533315972278496821843136291613706371077500269799248850001573705356290659235128767473718760020797816956960361513622998260013725276976708248,0,0,0,0,0,0,0,0,0,0,0,0,0,0,0,0,0,0,0,0,0,0,0,0,0,0,0,0,0,0,0,0,0,0,0,0,0,0,0,0,0,0,0,0,0,0,0,0,0,0,0,0,0,0,0,0,0,0,0,0,0,0,0,0,0,0,0,0,0,0,0,0,0,0,0,0,0,0,0,0,0,0,0,0,0,0,0,0,0,0,0,0,0,0,0,0,0,0,0,0,0,0,0,0,0,0,0,0,0,0,0,0,0,0,0,0,0,0,0,0,0,0,0,0,0,0,0,0,0,0,0,0,0,0,0,0,1,0,0,0,0,0,0,0,0,0,0,0,0,0,0,0,0,0,0,0,0,0,0,0,0,0,0,0,0,0,0,0,0,0,0,0,0,0,0
43617991178339464067754951745345512899078410824005175341556664761442945219173163089274829607491858109355864363466231684275040908320075018975928045508444863223418677496397224402986442984292920943521490074163669003737545313678332844075575564647891280635299723796088196378016427978772259866345494879215327783872245742175422748996559667495946076148483057223546001094554903436084126012510023240450098264274807232010107177612818100839653877591136409924342504035964644435121441285225604561624715470527944938413371440943769746455357237775,0,0,0,0,0,0,0,0,0,0,0,0,0,0,0,0,0,0,0,0,0,0,0,0,0,0,0,0,0,0,0,0,0,0,0,0,0,0,0,0,0,0,0,0,0,0,0,0,0,0,0,0,0,0,0,0,0,0,0,0,0,0,0,0,0,0,0,0,0,0,0,0,0,0,0,0,0,0,0,0,0,0,0,0,0,0,0,0,0,0,0,0,0,0,0,0,0,0,0,0,0,0,0,0,0,0,0,0,0,0,0,0,0,0,0,0,0,0,0,0,0,0,0,0,0,0,0,0,0,0,0,0,0,0,0,0,0,1,0,0,0,0,0,0,0,0,0,0,0,0,0,0,0,0,0,0,0,0,0,0,0,0,0,0,0,0,0,0,0,0,0,0,0,0,0
19836167707477579551009199642356872669526881855426592702540598219361109730981617993100020968460494408752332849807163788597789619655881111582795123819790379581250980798118115342870244648633870265909118448023899170556772832085284429041930143259604787781010165554192114500067992994276565966895013799091808983651350006877516687678842870204401676405387172297964003605204493812974148182099991602740079179204923679074067850989581059055493175728137818164543403521475878568212424258402754803034447121556853845778373198228980769241705513237,0,0,0,0,0,0,0,0,0,0,0,0,0,0,0,0,0,0,0,0,0,0,0,0,0,0,0,0,0,0,0,0,0,0,0,0,0,0,0,0,0,0,0,0,0,0,0,0,0,0,0,0,0,0,0,0,0,0,0,0,0,0,0,0,0,0,0,0,0,0,0,0,0,0,0,0,0,0,0,0,0,0,0,0,0,0,0,0,0,0,0,0,0,0,0,0,0,0,0,0,0,0,0,0,0,0,0,0,0,0,0,0,0,0,0,0,0,0,0,0,0,0,0,0,0,0,0,0,0,0,0,0,0,0,0,0,0,0,1,0,0,0,0,0,0,0,0,0,0,0,0,0,0,0,0,0,0,0,0,0,0,0,0,0,0,0,0,0,0,0,0,0,0,0,0
29459268304711511957662933872849945690946481980996265596342321154804992322876047803902892922524014601305019540457270894835769917304273389550672240133417939588473573038969870141389583882006564298984671094696387447584117888615292740630612693593323432601153180857651083725771844968033240787757600357542087891143835859478816614298187341538026783260383864132211135537037904568468152446587811662898542669663299496205569927015196073202883131615637628367678024003575200993533216845797093691112408524395870314297167701860939190262188602651,0,0,0,0,0,0,0,0,0,0,0,0,0,0,0,0,0,0,0,0,0,0,0,0,0,0,0,0,0,0,0,0,0,0,0,0,0,0,0,0,0,0,0,0,0,0,0,0,0,0,0,0,0,0,0,0,0,0,0,0,0,0,0,0,0,0,0,0,0,0,0,0,0,0,0,0,0,0,0,0,0,0,0,0,0,0,0,0,0,0,0,0,0,0,0,0,0,0,0,0,0,0,0,0,0,0,0,0,0,0,0,0,0,0,0,0,0,0,0,0,0,0,0,0,0,0,0,0,0,0,0,0,0,0,0,0,0,0,0,1,0,0,0,0,0,0,0,0,0,0,0,0,0,0,0,0,0,0,0,0,0,0,0,0,0,0,0,0,0,0,0,0,0,0,0
38745929769214609123349217023888956144822711016570796038923855527395425721992561287843937300308931720301750000403435767015175943602508696683383559574344018246553697790671904157836205516382182507037057561548417568473675570497748244846075119815735129190931409311583360445169467644563590390634510366105551366856273491783369492914557688722968693365713316144124033685040383873669189868205291152559406176143139168801767414214862426043185245844630011288778747330905016002650637386866993254725118802584515972693249767172582966594107571707,0,0,0,0,0,0,0,0,0,0,0,0,0,0,0,0,0,0,0,0,0,0,0,0,0,0,0,0,0,0,0,0,0,0,0,0,0,0,0,0,0,0,0,0,0,0,0,0,0,0,0,0,0,0,0,0,0,0,0,0,0,0,0,0,0,0,0,0,0,0,0,0,0,0,0,0,0,0,0,0,0,0,0,0,0,0,0,0,0,0,0,0,0,0,0,0,0,0,0,0,0,0,0,0,0,0,0,0,0,0,0,0,0,0,0,0,0,0,0,0,0,0,0,0,0,0,0,0,0,0,0,0,0,0,0,0,0,0,0,0,1,0,0,0,0,0,0,0,0,0,0,0,0,0,0,0,0,0,0,0,0,0,0,0,0,0,0,0,0,0,0,0,0,0,0
20531044195722036101741275133673140180876329455025613464795752304750738464420724371366905124034057508145571722332013589891811101306424559410668184663311281396038685880569629583464155181004513920395351241701171160560559784806485776015682856153561860250988148824951576046775160639144926775611963025092007819841507136027177001439357352780860984118040464802108491001630399056772965717030490762881435678565169202137681935705813752931004647665520711099284351354832329602021805183160265109984217355721275316049447839777181289143508602927,0,0,0,0,0,0,0,0,0,0,0,0,0,0,0,0,0,0,0,0,0,0,0,0,0,0,0,0,0,0,0,0,0,0,0,0,0,0,0,0,0,0,0,0,0,0,0,0,0,0,0,0,0,0,0,0,0,0,0,0,0,0,0,0,0,0,0,0,0,0,0,0,0,0,0,0,0,0,0,0,0,0,0,0,0,0,0,0,0,0,0,0,0,0,0,0,0,0,0,0,0,0,0,0,0,0,0,0,0,0,0,0,0,0,0,0,0,0,0,0,0,0,0,0,0,0,0,0,0,0,0,0,0,0,0,0,0,0,0,0,0,1,0,0,0,0,0,0,0,0,0,0,0,0,0,0,0,0,0,0,0,0,0,0,0,0,0,0,0,0,0,0,0,0,0
25267677776403167738430369553312208735685925159688640955601985880683206501602339121159313604148114847042539385821791712288048511876624593873564673979546740969912442167156662738942852626356234500681800769961719809388100784780353246940147156973651252545683237855157778127588573159505431748101798767417305767776311933585170060093954784668164946203928847684466866087001242857216074668479422433553131556096919536658816807000240706446397126418933395155319359594997418272240262741761211798830697086148102516347555250703738408489842118048,0,0,0,0,0,0,0,0,0,0,0,0,0,0,0,0,0,0,0,0,0,0,0,0,0,0,0,0,0,0,0,0,0,0,0,0,0,0,0,0,0,0,0,0,0,0,0,0,0,0,0,0,0,0,0,0,0,0,0,0,0,0,0,0,0,0,0,0,0,0,0,0,0,0,0,0,0,0,0,0,0,0,0,0,0,0,0,0,0,0,0,0,0,0,0,0,0,0,0,0,0,0,0,0,0,0,0,0,0,0,0,0,0,0,0,0,0,0,0,0,0,0,0,0,0,0,0,0,0,0,0,0,0,0,0,0,0,0,0,0,0,0,1,0,0,0,0,0,0,0,0,0,0,0,0,0,0,0,0,0,0,0,0,0,0,0,0,0,0,0,0,0,0,0,0
33636499906327764233135901041847083342984387341130879834797555371346064025540985335899723203188532776278539504768344990159019220347154180574703529107422066149547854999430603983366739895190899693802671065060789009851987614850788378785121473418892831078003749659157426352554242160969255186125002248314485798716051709223430192331203187961345901287010500268865078604724182243761931423053725004069159135878143941053963937407830693110551847006162950396045325994212463197487939428397666512765330320005392625289934643355930876696048886513,0,0,0,0,0,0,0,0,0,0,0,0,0,0,0,0,0,0,0,0,0,0,0,0,0,0,0,0,0,0,0,0,0,0,0,0,0,0,0,0,0,0,0,0,0,0,0,0,0,0,0,0,0,0,0,0,0,0,0,0,0,0,0,0,0,0,0,0,0,0,0,0,0,0,0,0,0,0,0,0,0,0,0,0,0,0,0,0,0,0,0,0,0,0,0,0,0,0,0,0,0,0,0,0,0,0,0,0,0,0,0,0,0,0,0,0,0,0,0,0,0,0,0,0,0,0,0,0,0,0,0,0,0,0,0,0,0,0,0,0,0,0,0,1,0,0,0,0,0,0,0,0,0,0,0,0,0,0,0,0,0,0,0,0,0,0,0,0,0,0,0,0,0,0,0
368154977604514763255150789610939295497756775891829294046106869583300862736987996477579284407753479543073729470566168046651781865445795867922791699522131585831828140387426038836725989083915417594533675135449430361910485191052787425426095710860090900573027815503967528082853757185279621524939195691914489350996292574412899560054320877380552415657030711142627112076695824409365433563885894923009402844872455366100549914425836903266949692861913585485292598021060307192816336381018908880881965768834228437100285859644327325752293632,0,0,0,0,0,0,0,0,0,0,0,0,0,0,0,0,0,0,0,0,0,0,0,0,0,0,0,0,0,0,0,0,0,0,0,0,0,0,0,0,0,0,0,0,0,0,0,0,0,0,0,0,0,0,0,0,0,0,0,0,0,0,0,0,0,0,0,0,0,0,0,0,0,0,0,0,0,0,0,0,0,0,0,0,0,0,0,0,0,0,0,0,0,0,0,0,0,0,0,0,0,0,0,0,0,0,0,0,0,0,0,0,0,0,0,0,0,0,0,0,0,0,0,0,0,0,0,0,0,0,0,0,0,0,0,0,0,0,0,0,0,0,0,0,1,0,0,0,0,0,0,0,0,0,0,0,0,0,0,0,0,0,0,0,0,0,0,0,0,0,0,0,0,0,0
5367281188575681796707215633299673863678110127242356419675002735655508271725739977850863747573857846939521255429206069963403483392662289777823190986886033550402517257510428371606281399417873330369177621829519168317525934321565587950908430913484406789708260574162817645348013030202269260768612295804497677820126933899372435849124830692440607924913968175124410504383564825630994854882556358692574108374006599742876431230761634178511036074408273691348514515828563919934832120554157456646194944465290147812921238303339202517148933214,0,0,0,0,0,0,0,0,0,0,0,0,0,0,0,0,0,0,0,0,0,0,0,0,0,0,0,0,0,0,0,0,0,0,0,0,0,0,0,0,0,0,0,0,0,0,0,0,0,0,0,0,0,0,0,0,0,0,0,0,0,0,0,0,0,0,0,0,0,0,0,0,0,0,0,0,0,0,0,0,0,0,0,0,0,0,0,0,0,0,0,0,0,0,0,0,0,0,0,0,0,0,0,0,0,0,0,0,0,0,0,0,0,0,0,0,0,0,0,0,0,0,0,0,0,0,0,0,0,0,0,0,0,0,0,0,0,0,0,0,0,0,0,0,0,1,0,0,0,0,0,0,0,0,0,0,0,0,0,0,0,0,0,0,0,0,0,0,0,0,0,0,0,0,0
28940534223140631858822659584276422131846729365155339564812351136800329584981005555250775760051416774126816996247031195838913045333105627974146847146929539301214213083010854353389812184754520049932880956403707463755608958038327713666699049337668283445420917390651668579328256677030697589342813177059420775597874600370546700448805747019963447598537478872162709197775003642479451202860046925948273187514280827570206525995339018309461817356551967196703195944533058906794685052353476972889712554587122093101342112534958155476882907482,0,0,0,0,0,0,0,0,0,0,0,0,0,0,0,0,0,0,0,0,0,0,0,0,0,0,0,0,0,0,0,0,0,0,0,0,0,0,0,0,0,0,0,0,0,0,0,0,0,0,0,0,0,0,0,0,0,0,0,0,0,0,0,0,0,0,0,0,0,0,0,0,0,0,0,0,0,0,0,0,0,0,0,0,0,0,0,0,0,0,0,0,0,0,0,0,0,0,0,0,0,0,0,0,0,0,0,0,0,0,0,0,0,0,0,0,0,0,0,0,0,0,0,0,0,0,0,0,0,0,0,0,0,0,0,0,0,0,0,0,0,0,0,0,0,0,1,0,0,0,0,0,0,0,0,0,0,0,0,0,0,0,0,0,0,0,0,0,0,0,0,0,0,0,0
2867930071130503948291688549806883317693914109004073634906959775945432414779389486996897008864084058318038650449276954779531011235856741825541973082085676269747598342157137291589841978254058113957897718841153414979006367482509884781302303529100697369260208830303619354766129207835043663553981196484560010174892049333892825486583822742781335111226125019050157212096889843770405573948294627705430979724861856885129397248343828554059212044062908808534827491938187966359355907839843555085456734189868712638773704497570506885488220000,0,0,0,0,0,0,0,0,0,0,0,0,0,0,0,0,0,0,0,0,0,0,0,0,0,0,0,0,0,0,0,0,0,0,0,0,0,0,0,0,0,0,0,0,0,0,0,0,0,0,0,0,0,0,0,0,0,0,0,0,0,0,0,0,0,0,0,0,0,0,0,0,0,0,0,0,0,0,0,0,0,0,0,0,0,0,0,0,0,0,0,0,0,0,0,0,0,0,0,0,0,0,0,0,0,0,0,0,0,0,0,0,0,0,0,0,0,0,0,0,0,0,0,0,0,0,0,0,0,0,0,0,0,0,0,0,0,0,0,0,0,0,0,0,0,0,0,1,0,0,0,0,0,0,0,0,0,0,0,0,0,0,0,0,0,0,0,0,0,0,0,0,0,0,0
28474887554993164409797357735003972765509625936581387369632419305452509785379467091818689000840266555759995760024101187941145598144488866159154227242950062983433585165074241692397789777178078573351536195112592197652223305688391641976037693121689410725970178658294532340029556180540920541540180879621547372177147099146852962475600921738534913763715152220784092315673658602213145138807317941960244819863435604371351591132841214682077466647397695798784067295556105440256363129635514098426002771985870426043270660147008813625415557393,0,0,0,0,0,0,0,0,0,0,0,0,0,0,0,0,0,0,0,0,0,0,0,0,0,0,0,0,0,0,0,0,0,0,0,0,0,0,0,0,0,0,0,0,0,0,0,0,0,0,0,0,0,0,0,0,0,0,0,0,0,0,0,0,0,0,0,0,0,0,0,0,0,0,0,0,0,0,0,0,0,0,0,0,0,0,0,0,0,0,0,0,0,0,0,0,0,0,0,0,0,0,0,0,0,0,0,0,0,0,0,0,0,0,0,0,0,0,0,0,0,0,0,0,0,0,0,0,0,0,0,0,0,0,0,0,0,0,0,0,0,0,0,0,0,0,0,0,1,0,0,0,0,0,0,0,0,0,0,0,0,0,0,0,0,0,0,0,0,0,0,0,0,0,0
28335892109861177740070477046287318492863038061515300063420010377037017449789843274952302496556819919290477994619059679054727002878702448545216014568525850752713879845668747896632130137343616707172836068652197653850767689324977354495363460578445119739314145051641683627943140188985983028187073052087597593179786348290311207016741975251433973537750536400246822360515168275705109679625187356741762513570138999695973134504113070537812173488059403759888914040248485362156987594272192957086608534222332086261038937554650102475935293156,0,0,0,0,0,0,0,0,0,0,0,0,0,0,0,0,0,0,0,0,0,0,0,0,0,0,0,0,0,0,0,0,0,0,0,0,0,0,0,0,0,0,0,0,0,0,0,0,0,0,0,0,0,0,0,0,0,0,0,0,0,0,0,0,0,0,0,0,0,0,0,0,0,0,0,0,0,0,0,0,0,0,0,0,0,0,0,0,0,0,0,0,0,0,0,0,0,0,0,0,0,0,0,0,0,0,0,0,0,0,0,0,0,0,0,0,0,0,0,0,0,0,0,0,0,0,0,0,0,0,0,0,0,0,0,0,0,0,0,0,0,0,0,0,0,0,0,0,0,1,0,0,0,0,0,0,0,0,0,0,0,0,0,0,0,0,0,0,0,0,0,0,0,0,0
16837484467289849680622808636989943437469172487460301252706491565551051753475945840455339899384970666793964627292534345625541608623440358624908447316498487270561270814574388205012139053206282711029402393988179434530831906844604021596662630763235313509774126958982717096511331739464821433666368133413803555162049831119062637342125030792190126238569966071599999907485695519301473476664559858994268887913172933175842556225388731756534793917459013426958878886845330130821795136210653953026056664321263184842876230074974804051667246183,0,0,0,0,0,0,0,0,0,0,0,0,0,0,0,0,0,0,0,0,0,0,0,0,0,0,0,0,0,0,0,0,0,0,0,0,0,0,0,0,0,0,0,0,0,0,0,0,0,0,0,0,0,0,0,0,0,0,0,0,0,0,0,0,0,0,0,0,0,0,0,0,0,0,0,0,0,0,0,0,0,0,0,0,0,0,0,0,0,0,0,0,0,0,0,0,0,0,0,0,0,0,0,0,0,0,0,0,0,0,0,0,0,0,0,0,0,0,0,0,0,0,0,0,0,0,0,0,0,0,0,0,0,0,0,0,0,0,0,0,0,0,0,0,0,0,0,0,0,0,1,0,0,0,0,0,0,0,0,0,0,0,0,0,0,0,0,0,0,0,0,0,0,0,0
23455663832589862138110155021374473291608370928889869094965985529001006047132519997717424579513048558293780123784573049400740892438688936557618574275506740982629854727307257699367312736829901114631401515836460062491038814973841537072548380010815507449317594490916097510242674282557744586017353983940291151213436443589319869719592212471226483015240738674644599295559172458365346037389188230886902584309819556672429947016704732961935783579768918415896830727439394468325112242677692249499667342142787552467797898372223976603482657334,0,0,0,0,0,0,0,0,0,0,0,0,0,0,0,0,0,0,0,0,0,0,0,0,0,0,0,0,0,0,0,0,0,0,0,0,0,0,0,0,0,0,0,0,0,0,0,0,0,0,0,0,0,0,0,0,0,0,0,0,0,0,0,0,0,0,0,0,0,0,0,0,0,0,0,0,0,0,0,0,0,0,0,0,0,0,0,0,0,0,0,0,0,0,0,0,0,0,0,0,0,0,0,0,0,0,0,0,0,0,0,0,0,0,0,0,0,0,0,0,0,0,0,0,0,0,0,0,0,0,0,0,0,0,0,0,0,0,0,0,0,0,0,0,0,0,0,0,0,0,0,1,0,0,0,0,0,0,0,0,0,0,0,0,0,0,0,0,0,0,0,0,0,0,0
42366908832983330310660991660319543435839025417597498402568985898778526944320519266561470266018094073183565105149302587871953517853448618279073092224218737481440656646988829478754070634955782011874371348593195417362318962142728743600369557546919461371367249418529562388071434906948950656745929678144724918322807964548514881889712875411763108625448034032810788788083483566028479459416999970685461891799466164474766573138502942125981593866289730323413076090141483961158415893476270617456776545913585701131276173331639134244740964920,0,0,0,0,0,0,0,0,0,0,0,0,0,0,0,0,0,0,0,0,0,0,0,0,0,0,0,0,0,0,0,0,0,0,0,0,0,0,0,0,0,0,0,0,0,0,0,0,0,0,0,0,0,0,0,0,0,0,0,0,0,0,0,0,0,0,0,0,0,0,0,0,0,0,0,0,0,0,0,0,0,0,0,0,0,0,0,0,0,0,0,0,0,0,0,0,0,0,0,0,0,0,0,0,0,0,0,0,0,0,0,0,0,0,0,0,0,0,0,0,0,0,0,0,0,0,0,0,0,0,0,0,0,0,0,0,0,0,0,0,0,0,0,0,0,0,0,0,0,0,0,0,1,0,0,0,0,0,0,0,0,0,0,0,0,0,0,0,0,0,0,0,0,0,0
37124735339414055380508265111172407590195610340478275465173417291534838972742997552095894600552238698477051757997694935556468630189590710193385087839182684261442549518131550163372695668507412071572101447448516958877461744325992689893170877401574102085194384386509916604948252833352514197371306302526598196985433873605253159638073766481924666415450742237191159123665150345788133406137126711139493717694684045513079527581696479868914990429713233499245244744464252494426322777370231213660224973430414302186157901327527766109599534161,0,0,0,0,0,0,0,0,0,0,0,0,0,0,0,0,0,0,0,0,0,0,0,0,0,0,0,0,0,0,0,0,0,0,0,0,0,0,0,0,0,0,0,0,0,0,0,0,0,0,0,0,0,0,0,0,0,0,0,0,0,0,0,0,0,0,0,0,0,0,0,0,0,0,0,0,0,0,0,0,0,0,0,0,0,0,0,0,0,0,0,0,0,0,0,0,0,0,0,0,0,0,0,0,0,0,0,0,0,0,0,0,0,0,0,0,0,0,0,0,0,0,0,0,0,0,0,0,0,0,0,0,0,0,0,0,0,0,0,0,0,0,0,0,0,0,0,0,0,0,0,0,0,1,0,0,0,0,0,0,0,0,0,0,0,0,0,0,0,0,0,0,0,0,0
18278887799984147997297466951538001535137722444570681074458717122615675025431114087404579422504438766521327410164810906084274502335474812678931546020480824366288443606608395581378088697304066217935831564593451122961833796172977585882221799544434566693663077402093359949635078494023943433799143701103653793344951158347267307117723601879208028714011782763758100371924996212599883234511762535455463625457126554497904463309650690927177465342906039343340597415609566992880869820205128875449525183825966565481287450469457947406850839089,0,0,0,0,0,0,0,0,0,0,0,0,0,0,0,0,0,0,0,0,0,0,0,0,0,0,0,0,0,0,0,0,0,0,0,0,0,0,0,0,0,0,0,0,0,0,0,0,0,0,0,0,0,0,0,0,0,0,0,0,0,0,0,0,0,0,0,0,0,0,0,0,0,0,0,0,0,0,0,0,0,0,0,0,0,0,0,0,0,0,0,0,0,0,0,0,0,0,0,0,0,0,0,0,0,0,0,0,0,0,0,0,0,0,0,0,0,0,0,0,0,0,0,0,0,0,0,0,0,0,0,0,0,0,0,0,0,0,0,0,0,0,0,0,0,0,0,0,0,0,0,0,0,0,1,0,0,0,0,0,0,0,0,0,0,0,0,0,0,0,0,0,0,0,0
30521570640474909732586376305882784215952686210432072258511569463758196698199793684513492595131276205002191264893330418001803167317652757859931558045814353503183769156970474964092331650106226189865174097228185906422738961114429334230722106740034428989250830020801607456681975414362334180740937482578002821676216791283096831116518961058254487242853832639867843471449455082874923512354305907256497765830134232448792972243847146387296729259799731782006783426337772707127969431775161202637190690564627435179812069560897992416731846691,0,0,0,0,0,0,0,0,0,0,0,0,0,0,0,0,0,0,0,0,0,0,0,0,0,0,0,0,0,0,0,0,0,0,0,0,0,0,0,0,0,0,0,0,0,0,0,0,0,0,0,0,0,0,0,0,0,0,0,0,0,0,0,0,0,0,0,0,0,0,0,0,0,0,0,0,0,0,0,0,0,0,0,0,0,0,0,0,0,0,0,0,0,0,0,0,0,0,0,0,0,0,0,0,0,0,0,0,0,0,0,0,0,0,0,0,0,0,0,0,0,0,0,0,0,0,0,0,0,0,0,0,0,0,0,0,0,0,0,0,0,0,0,0,0,0,0,0,0,0,0,0,0,0,0,1,0,0,0,0,0,0,0,0,0,0,0,0,0,0,0,0,0,0,0
5082867200444590968426705848752332413141279974775482126989115362074894005498751327705641447817098217631948029318239443395373708321513240264798237508524959864178463835570759521666376989258791139494029621449172998688033925592200530858581312835124071209055041078129639587488942962598817366399583262358141656378945039702538070490583000109030721720692890640603191277276264527611155782754219905692974610571358979511253982066794871408322480457447634273885730789449610293167981392557981573647847558333884269460139205640635265639857441652,0,0,0,0,0,0,0,0,0,0,0,0,0,0,0,0,0,0,0,0,0,0,0,0,0,0,0,0,0,0,0,0,0,0,0,0,0,0,0,0,0,0,0,0,0,0,0,0,0,0,0,0,0,0,0,0,0,0,0,0,0,0,0,0,0,0,0,0,0,0,0,0,0,0,0,0,0,0,0,0,0,0,0,0,0,0,0,0,0,0,0,0,0,0,0,0,0,0,0,0,0,0,0,0,0,0,0,0,0,0,0,0,0,0,0,0,0,0,0,0,0,0,0,0,0,0,0,0,0,0,0,0,0,0,0,0,0,0,0,0,0,0,0,0,0,0,0,0,0,0,0,0,0,0,0,0,1,0,0,0,0,0,0,0,0,0,0,0,0,0,0,0,0,0,0
6087015419898559538423547634981223402928324167552685053718188631095750134524001506001323067954164984632935799309474613629316949883321360396641209082144105442630337831706169374542704129443702874830610420290284517110362867458924592986363999816526248820741284825886077121555782746489887494477059479320458970238529702215947131555866713558521849806354111048441263421720058307045505682944877675472815941700435766609095541143523847019064720460754581501268629851673960906652377707881606832615271172450101163515959623726367304826051021073,0,0,0,0,0,0,0,0,0,0,0,0,0,0,0,0,0,0,0,0,0,0,0,0,0,0,0,0,0,0,0,0,0,0,0,0,0,0,0,0,0,0,0,0,0,0,0,0,0,0,0,0,0,0,0,0,0,0,0,0,0,0,0,0,0,0,0,0,0,0,0,0,0,0,0,0,0,0,0,0,0,0,0,0,0,0,0,0,0,0,0,0,0,0,0,0,0,0,0,0,0,0,0,0,0,0,0,0,0,0,0,0,0,0,0,0,0,0,0,0,0,0,0,0,0,0,0,0,0,0,0,0,0,0,0,0,0,0,0,0,0,0,0,0,0,0,0,0,0,0,0,0,0,0,0,0,0,1,0,0,0,0,0,0,0,0,0,0,0,0,0,0,0,0,0
34797080625544425539845104209160274455421632583318041148919128366165583272931106151137236723186744367953139800141615472212627597610317716344668811868032495515827979532806640444118551363883242486532961775618935722369020575964319446114417561473560438807113301286269882166049611715396854973520696976869621759947447839936249099367178192736739843534941459484328248888751233593854073256131033392381492685571671248223300358975142247955966818036537702828325567484148081895231067863687666255863842983228982553236353316506491003370631913694,0,0,0,0,0,0,0,0,0,0,0,0,0,0,0,0,0,0,0,0,0,0,0,0,0,0,0,0,0,0,0,0,0,0,0,0,0,0,0,0,0,0,0,0,0,0,0,0,0,0,0,0,0,0,0,0,0,0,0,0,0,0,0,0,0,0,0,0,0,0,0,0,0,0,0,0,0,0,0,0,0,0,0,0,0,0,0,0,0,0,0,0,0,0,0,0,0,0,0,0,0,0,0,0,0,0,0,0,0,0,0,0,0,0,0,0,0,0,0,0,0,0,0,0,0,0,0,0,0,0,0,0,0,0,0,0,0,0,0,0,0,0,0,0,0,0,0,0,0,0,0,0,0,0,0,0,0,0,1,0,0,0,0,0,0,0,0,0,0,0,0,0,0,0,0
13843930766836955561837867174132656591777371191713121885102765334130908787170678801523514841837541956882176013640170575357274111860845437601220202292647336373628647250921151867687627983305717497699516088034986842810836840035358177999033472074322859718540021730523062815042173361630720011379932142180925266995559483891210705702648227374633275737746789809297792786944722590308572042533354191949529449530213289447457024002376491571359481577325146956581799887647610542348499629957528440948825731892810022722547188375264245525205639233,0,0,0,0,0,0,0,0,0,0,0,0,0,0,0,0,0,0,0,0,0,0,0,0,0,0,0,0,0,0,0,0,0,0,0,0,0,0,0,0,0,0,0,0,0,0,0,0,0,0,0,0,0,0,0,0,0,0,0,0,0,0,0,0,0,0,0,0,0,0,0,0,0,0,0,0,0,0,0,0,0,0,0,0,0,0,0,0,0,0,0,0,0,0,0,0,0,0,0,0,0,0,0,0,0,0,0,0,0,0,0,0,0,0,0,0,0,0,0,0,0,0,0,0,0,0,0,0,0,0,0,0,0,0,0,0,0,0,0,0,0,0,0,0,0,0,0,0,0,0,0,0,0,0,0,0,0,0,0,1,0,0,0,0,0,0,0,0,0,0,0,0,0,0,0
30553724080745085835322742212668965004557085134220331523770342903770448253892472676701047094016500022721708564675689690556866165961259052551100320076747650186698457389385183063967379763918456415466748100562066474369977057691857779142833248594322561907029699964195163114747320883418208136249370886538314897185007229150045173311042008216129273496945536193506352038679283831641834142679709939905909219295781372754919002730274277229620909416732423472253971707331286258924701859082859437865023616980948732511060021855184753798436760873,0,0,0,0,0,0,0,0,0,0,0,0,0,0,0,0,0,0,0,0,0,0,0,0,0,0,0,0,0,0,0,0,0,0,0,0,0,0,0,0,0,0,0,0,0,0,0,0,0,0,0,0,0,0,0,0,0,0,0,0,0,0,0,0,0,0,0,0,0,0,0,0,0,0,0,0,0,0,0,0,0,0,0,0,0,0,0,0,0,0,0,0,0,0,0,0,0,0,0,0,0,0,0,0,0,0,0,0,0,0,0,0,0,0,0,0,0,0,0,0,0,0,0,0,0,0,0,0,0,0,0,0,0,0,0,0,0,0,0,0,0,0,0,0,0,0,0,0,0,0,0,0,0,0,0,0,0,0,0,0,1,0,0,0,0,0,0,0,0,0,0,0,0,0,0
33332834474918333084199896018514039285624234243756913918845516789655727123735607157907655133013938720882389502022408261782044685112245920902354240354574014601253280748245306790060844294718615406880218332820256365226208557440608754300932413654814876748591267103650448601126468862740857059772430399955167634566434784770161391566493416876632636477994890905784572553466928918544147308247536148112223668260897586854260727910093453929654240772718345336647630528594095589108331426111462955741599465467970931567525684147131812872513016764,0,0,0,0,0,0,0,0,0,0,0,0,0,0,0,0,0,0,0,0,0,0,0,0,0,0,0,0,0,0,0,0,0,0,0,0,0,0,0,0,0,0,0,0,0,0,0,0,0,0,0,0,0,0,0,0,0,0,0,0,0,0,0,0,0,0,0,0,0,0,0,0,0,0,0,0,0,0,0,0,0,0,0,0,0,0,0,0,0,0,0,0,0,0,0,0,0,0,0,0,0,0,0,0,0,0,0,0,0,0,0,0,0,0,0,0,0,0,0,0,0,0,0,0,0,0,0,0,0,0,0,0,0,0,0,0,0,0,0,0,0,0,0,0,0,0,0,0,0,0,0,0,0,0,0,0,0,0,0,0,0,1,0,0,0,0,0,0,0,0,0,0,0,0,0
8291149169306979112592480433215614374219448043142895183063249848139533439860799576197716706278038228097298415917218414336690036708581102082888647189391312830783359229155192182490791924776278795620013362440216597816776934782013940448631880922606717958271877210180001436365566416572863517923589587997025179101518066856602611546941448040742047463797718528140117953732963425888117055024032379005462558898060677627569736242988287100760126175490831146778802723398960811394265392765116645520491569077912667887080849498066504087208016491,0,0,0,0,0,0,0,0,0,0,0,0,0,0,0,0,0,0,0,0,0,0,0,0,0,0,0,0,0,0,0,0,0,0,0,0,0,0,0,0,0,0,0,0,0,0,0,0,0,0,0,0,0,0,0,0,0,0,0,0,0,0,0,0,0,0,0,0,0,0,0,0,0,0,0,0,0,0,0,0,0,0,0,0,0,0,0,0,0,0,0,0,0,0,0,0,0,0,0,0,0,0,0,0,0,0,0,0,0,0,0,0,0,0,0,0,0,0,0,0,0,0,0,0,0,0,0,0,0,0,0,0,0,0,0,0,0,0,0,0,0,0,0,0,0,0,0,0,0,0,0,0,0,0,0,0,0,0,0,0,0,0,1,0,0,0,0,0,0,0,0,0,0,0,0
8009570703503374579628227755090675697181376036296273796069260500958342778565583375461608025302555878413542360264169193910276873273861107481223875654613315289591434789853929717672346365784001992034766613346068658582691499878568967126587539373764014778692066670494515482536135871712247979323113892330634598796914723102751368808993405310149823028694478076101607617095576862694787174342333196213817586742763717020135726762548325882270183112338141343259459764457627988595469484252192823060731341448848126604785190430598586066107932752,0,0,0,0,0,0,0,0,0,0,0,0,0,0,0,0,0,0,0,0,0,0,0,0,0,0,0,0,0,0,0,0,0,0,0,0,0,0,0,0,0,0,0,0,0,0,0,0,0,0,0,0,0,0,0,0,0,0,0,0,0,0,0,0,0,0,0,0,0,0,0,0,0,0,0,0,0,0,0,0,0,0,0,0,0,0,0,0,0,0,0,0,0,0,0,0,0,0,0,0,0,0,0,0,0,0,0,0,0,0,0,0,0,0,0,0,0,0,0,0,0,0,0,0,0,0,0,0,0,0,0,0,0,0,0,0,0,0,0,0,0,0,0,0,0,0,0,0,0,0,0,0,0,0,0,0,0,0,0,0,0,0,0,1,0,0,0,0,0,0,0,0,0,0,0
41983148730321004315295364181365304800488916814094840074588437666018447598197676692667211586791510125733123506535664196506845227179372692730959893034987648204820529533206288121552799684020520703099986487814462083095278800774251445150409629668697546909110048241692297971556160664346839116353340152559748944580546915624674835002761632479463422840419474992332145241631814261277208584393607174468853834656385917898886026161469494810467254055536150868460485917268677024900503778153555967247013516415282511391269372676250043583761002931,0,0,0,0,0,0,0,0,0,0,0,0,0,0,0,0,0,0,0,0,0,0,0,0,0,0,0,0,0,0,0,0,0,0,0,0,0,0,0,0,0,0,0,0,0,0,0,0,0,0,0,0,0,0,0,0,0,0,0,0,0,0,0,0,0,0,0,0,0,0,0,0,0,0,0,0,0,0,0,0,0,0,0,0,0,0,0,0,0,0,0,0,0,0,0,0,0,0,0,0,0,0,0,0,0,0,0,0,0,0,0,0,0,0,0,0,0,0,0,0,0,0,0,0,0,0,0,0,0,0,0,0,0,0,0,0,0,0,0,0,0,0,0,0,0,0,0,0,0,0,0,0,0,0,0,0,0,0,0,0,0,0,0,0,1,0,0,0,0,0,0,0,0,0,0
16873921830755843080583008316754089253268535339634243789980941728991380510267663268472570501656605532044109985482456910362614299055136557949662259427677435779803162335079809395183382427308859111792682072322623012119773666019492439841305980258534196771326128648288829058467595183836612958127557515659423002551088650969290343161240624940791185131028802139548409689054476118094817698456137040092805949336338590800479103624208017266605450757789326923487161811408046874664842832194479477209758828082321188659707145143078059718903347626,0,0,0,0,0,0,0,0,0,0,0,0,0,0,0,0,0,0,0,0,0,0,0,0,0,0,0,0,0,0,0,0,0,0,0,0,0,0,0,0,0,0,0,0,0,0,0,0,0,0,0,0,0,0,0,0,0,0,0,0,0,0,0,0,0,0,0,0,0,0,0,0,0,0,0,0,0,0,0,0,0,0,0,0,0,0,0,0,0,0,0,0,0,0,0,0,0,0,0,0,0,0,0,0,0,0,0,0,0,0,0,0,0,0,0,0,0,0,0,0,0,0,0,0,0,0,0,0,0,0,0,0,0,0,0,0,0,0,0,0,0,0,0,0,0,0,0,0,0,0,0,0,0,0,0,0,0,0,0,0,0,0,0,0,0,1,0,0,0,0,0,0,0,0,0
6843312340885542402604318068235241066249452956519809092972263370288919234223615267778423253535797767323381433011842767119530659324621136274820718469230752757970075730039961505810046990881929563721343347714123299558354384251538603203066824211274958257141878469822464918351314792476071005584468804346708701061494877538617877349860966842563559109540110138470712512220609278876157582682284302653906882109908455838092937979409527001324264261861383375866200485604313555430570169034575073471561903824397734169426406439503195791603419412,0,0,0,0,0,0,0,0,0,0,0,0,0,0,0,0,0,0,0,0,0,0,0,0,0,0,0,0,0,0,0,0,0,0,0,0,0,0,0,0,0,0,0,0,0,0,0,0,0,0,0,0,0,0,0,0,0,0,0,0,0,0,0,0,0,0,0,0,0,0,0,0,0,0,0,0,0,0,0,0,0,0,0,0,0,0,0,0,0,0,0,0,0,0,0,0,0,0,0,0,0,0,0,0,0,0,0,0,0,0,0,0,0,0,0,0,0,0,0,0,0,0,0,0,0,0,0,0,0,0,0,0,0,0,0,0,0,0,0,0,0,0,0,0,0,0,0,0,0,0,0,0,0,0,0,0,0,0,0,0,0,0,0,0,0,0,1,0,0,0,0,0,0,0,0
39247647754068944833010485485307881436946677594805501397164535930491747113663663241315711552197040044855446317798332772550670399402217573207100839333354856578846945230904558753495905957290421086426587529885640691455673809455402799557498134938331640980795830765795334018761717964479106585288786044279390469867044667287690202021017819101864527194560701611856268540867631029240283934534476962195467204798740176020145930673081363436056626975437172453795854214836857441281882458975389280151369402217108946785746353645501905433728666642,0,0,0,0,0,0,0,0,0,0,0,0,0,0,0,0,0,0,0,0,0,0,0,0,0,0,0,0,0,0,0,0,0,0,0,0,0,0,0,0,0,0,0,0,0,0,0,0,0,0,0,0,0,0,0,0,0,0,0,0,0,0,0,0,0,0,0,0,0,0,0,0,0,0,0,0,0,0,0,0,0,0,0,0,0,0,0,0,0,0,0,0,0,0,0,0,0,0,0,0,0,0,0,0,0,0,0,0,0,0,0,0,0,0,0,0,0,0,0,0,0,0,0,0,0,0,0,0,0,0,0,0,0,0,0,0,0,0,0,0,0,0,0,0,0,0,0,0,0,0,0,0,0,0,0,0,0,0,0,0,0,0,0,0,0,0,0,1,0,0,0,0,0,0,0
546546276764775029063041406715701759160195978280148997323204629275461177070365698607455906959567459301299432797936932115653633757613673512695269386006647718568025268109675236596170619769464265492283683692373439360012742701732078471594677382578159847513127502613921820569369256184195019352184342018792591231717251603330311144425434648845460714907147471785393321401013689024357456256926345273676662916696609803861891018503346757694053538027368224312800971829019292867130911825685110573603940716416304346098472911708606097349015544,0,0,0,0,0,0,0,0,0,0,0,0,0,0,0,0,0,0,0,0,0,0,0,0,0,0,0,0,0,0,0,0,0,0,0,0,0,0,0,0,0,0,0,0,0,0,0,0,0,0,0,0,0,0,0,0,0,0,0,0,0,0,0,0,0,0,0,0,0,0,0,0,0,0,0,0,0,0,0,0,0,0,0,0,0,0,0,0,0,0,0,0,0,0,0,0,0,0,0,0,0,0,0,0,0,0,0,0,0,0,0,0,0,0,0,0,0,0,0,0,0,0,0,0,0,0,0,0,0,0,0,0,0,0,0,0,0,0,0,0,0,0,0,0,0,0,0,0,0,0,0,0,0,0,0,0,0,0,0,0,0,0,0,0,0,0,0,0,1,0,0,0,0,0,0
31818736588686632532022708814969431082152122943743662527866990433382066846937367623255397385297328628673630381038500568736595687217836993225360463996174866742291621680096789578432029038882996709661934351618302677691596274846467518636811486848274529634838957957203390193725863079061227175462694214542546360367132901612628379581704934985892471265975008853605853088105661917186769455635258249202206741908866483159286983144852015716740080393815205852123198321801871127524450099477001792785453890330599226235572536890506871853799163562,0,0,0,0,0,0,0,0,0,0,0,0,0,0,0,0,0,0,0,0,0,0,0,0,0,0,0,0,0,0,0,0,0,0,0,0,0,0,0,0,0,0,0,0,0,0,0,0,0,0,0,0,0,0,0,0,0,0,0,0,0,0,0,0,0,0,0,0,0,0,0,0,0,0,0,0,0,0,0,0,0,0,0,0,0,0,0,0,0,0,0,0,0,0,0,0,0,0,0,0,0,0,0,0,0,0,0,0,0,0,0,0,0,0,0,0,0,0,0,0,0,0,0,0,0,0,0,0,0,0,0,0,0,0,0,0,0,0,0,0,0,0,0,0,0,0,0,0,0,0,0,0,0,0,0,0,0,0,0,0,0,0,0,0,0,0,0,0,0,1,0,0,0,0,0
889287414552387172990746769698119962736549673979102989164484433095260118986302642198700602404004454989569123731338760518264458476062650888021673836218814764031373824729309944819170660275405328474460459746297285005282046982776618739990444687912160706211760615608795105417654319684889247339765793873853646242281081123315625093540365043382819987796626262506523986831799050427984751827834327526989026154769176231390820861530404512659791662447058954696573811355063090971705573288090990417792509499370193049270232454899920523696864999,0,0,0,0,0,0,0,0,0,0,0,0,0,0,0,0,0,0,0,0,0,0,0,0,0,0,0,0,0,0,0,0,0,0,0,0,0,0,0,0,0,0,0,0,0,0,0,0,0,0,0,0,0,0,0,0,0,0,0,0,0,0,0,0,0,0,0,0,0,0,0,0,0,0,0,0,0,0,0,0,0,0,0,0,0,0,0,0,0,0,0,0,0,0,0,0,0,0,0,0,0,0,0,0,0,0,0,0,0,0,0,0,0,0,0,0,0,0,0,0,0,0,0,0,0,0,0,0,0,0,0,0,0,0,0,0,0,0,0,0,0,0,0,0,0,0,0,0,0,0,0,0,0,0,0,0,0,0,0,0,0,0,0,0,0,0,0,0,0,0,1,0,0,0,0
8939677136960398881728412525326805934364619486193912852953857206046072596078950890130030275958161851415572917158553269795730426100769856843128760639365159710655689061329813745141408048626236954688854175599920468515093853190465648328465837860631871967615175599149824071802286074193360136417529998439072919872721458728219675921260054751082313869825798650268493093064675238871879241558261897466287788584151020185593030776573814800887043336004139163903143899805784945520925802819913455641476432059478017907006714786102080306730099853,0,0,0,0,0,0,0,0,0,0,0,0,0,0,0,0,0,0,0,0,0,0,0,0,0,0,0,0,0,0,0,0,0,0,0,0,0,0,0,0,0,0,0,0,0,0,0,0,0,0,0,0,0,0,0,0,0,0,0,0,0,0,0,0,0,0,0,0,0,0,0,0,0,0,0,0,0,0,0,0,0,0,0,0,0,0,0,0,0,0,0,0,0,0,0,0,0,0,0,0,0,0,0,0,0,0,0,0,0,0,0,0,0,0,0,0,0,0,0,0,0,0,0,0,0,0,0,0,0,0,0,0,0,0,0,0,0,0,0,0,0,0,0,0,0,0,0,0,0,0,0,0,0,0,0,0,0,0,0,0,0,0,0,0,0,0,0,0,0,0,0,1,0,0,0
28534219656795465693728862583238005964624326731116285487168736105784995737043835044955825788717298051560721155852824507864091794668706979179529808479015096103272668095994522083603999732950355246863750735868642559422830043453416981415013330762312639252117137637504440421752665515504713605231489649390306817030091603800591363713378428688193674046429917972354557219250197485977537866634622148522957018553441150474878539111565571290877311160526214934996935906309083654469901921836751329646514528042759136373086160829006469204804652903,0,0,0,0,0,0,0,0,0,0,0,0,0,0,0,0,0,0,0,0,0,0,0,0,0,0,0,0,0,0,0,0,0,0,0,0,0,0,0,0,0,0,0,0,0,0,0,0,0,0,0,0,0,0,0,0,0,0,0,0,0,0,0,0,0,0,0,0,0,0,0,0,0,0,0,0,0,0,0,0,0,0,0,0,0,0,0,0,0,0,0,0,0,0,0,0,0,0,0,0,0,0,0,0,0,0,0,0,0,0,0,0,0,0,0,0,0,0,0,0,0,0,0,0,0,0,0,0,0,0,0,0,0,0,0,0,0,0,0,0,0,0,0,0,0,0,0,0,0,0,0,0,0,0,0,0,0,0,0,0,0,0,0,0,0,0,0,0,0,0,0,0,1,0,0
26637199616305384318964295608962053943089175801152026359281260039887418599134823076188154095972268185262357119657663102645433241497899796750225844525255168563576722080891794603335571083888771447937377748614875197404109426668275610146128933282772843251670487607476068349267222674738214289188438984237067475368372907050017726176332554869852433934900902174592729268785669756557313769811857540013678610022328524662573347090223222149431183900720866075276852450189049703576018753730064331608998433875962548021505794370623353531022897852,0,0,0,0,0,0,0,0,0,0,0,0,0,0,0,0,0,0,0,0,0,0,0,0,0,0,0,0,0,0,0,0,0,0,0,0,0,0,0,0,0,0,0,0,0,0,0,0,0,0,0,0,0,0,0,0,0,0,0,0,0,0,0,0,0,0,0,0,0,0,0,0,0,0,0,0,0,0,0,0,0,0,0,0,0,0,0,0,0,0,0,0,0,0,0,0,0,0,0,0,0,0,0,0,0,0,0,0,0,0,0,0,0,0,0,0,0,0,0,0,0,0,0,0,0,0,0,0,0,0,0,0,0,0,0,0,0,0,0,0,0,0,0,0,0,0,0,0,0,0,0,0,0,0,0,0,0,0,0,0,0,0,0,0,0,0,0,0,0,0,0,0,0,1,0
7011239535676448506995020264137478013249794972703228283096146710758160632870918891608438401628421025519235277807982705451386604944962240243939938496430907698982713605217281185912986920418794148147398734041763205406128583018566430374901744395198514610114658645951950986074841606644474352103681026416662183603737644562498278920927772234088024137497552404134526376360974911406597746948704948004185575017691492287810154642296818959568137864852311230538811429201203556424770958192609731852759497487953139110299996437896572766445281744,0,0,0,0,0,0,0,0,0,0,0,0,0,0,0,0,0,0,0,0,0,0,0,0,0,0,0,0,0,0,0,0,0,0,0,0,0,0,0,0,0,0,0,0,0,0,0,0,0,0,0,0,0,0,0,0,0,0,0,0,0,0,0,0,0,0,0,0,0,0,0,0,0,0,0,0,0,0,0,0,0,0,0,0,0,0,0,0,0,0,0,0,0,0,0,0,0,0,0,0,0,0,0,0,0,0,0,0,0,0,0,0,0,0,0,0,0,0,0,0,0,0,0,0,0,0,0,0,0,0,0,0,0,0,0,0,0,0,0,0,0,0,0,0,0,0,0,0,0,0,0,0,0,0,0,0,0,0,0,0,0,0,0,0,0,0,0,0,0,0,0,0,0,0,1
